;1888-12-24
chambre;74.0
député;24.0
session;1.0
extraordinaire;7.0
comp;1.0
rendu;6.0
jjitenso;1.0
seahcb;1.0
séance;31.0
lundi;2.0
décembre;21.0
sommaire;3.0
rocès-verbal;1.0
félix;24.0
thé;2.0
allier;7.0
chavanne;7.0
nom;29.0
comle;1.0
tllsslon;1.0
intérêt;32.0
local;14.0
rapport;42.0
projet;97.0
loi;160.0
portant;54.0
prorogation;43.0
surtaxe;79.0
perçue;24.0
vin;35.0
octroi;53.0
lan;3.0
hautp-savoie;1.0
pdant;1.0
annexer;2.0
ville;15.0
lyon;3.0
one;1.0
parcelle;2.0
territoire;3.0
dépendant;2.0
commune;14.0
villeurbanne;2.0
léon;62.0
renard;10.0
proposition;25.0
cèol;1.0
tendapt;1.0
rendre;11.0
objigatoire;1.0
vérifisi;1.0
poinçonnage;2.0
etat;14.0
densiint;1.0
cretres;1.0
employé;3.0
fabrique;2.0
sucrs;1.0
contrôler;2.0
richesse;2.0
betterave;3.0
ipar;1.0
gxllët;1.0
comport;1.0
initiative;10.0
parlementaire;6.0
rapm;1.0
r-si;1.0
niinaire;1.0
let;4.0
tendant;10.0
suppression;8.0
privienoe;1.0
débitant;2.0
marchand;2.0
pari;4.0
relatif;9.0
licence;2.0
exe;1.0
uses;1.0
demande;61.0
congé;26.0
rolce;1.0
président;78.0
décès;4.0
ude;1.0
seine;36.0
lecture;14.0
barbe;10.0
coin;1.0
mission;10.0
dpsommaire;1.0
collègue;24.0
lve;1.0
tarif;7.0
homologuer;2.0
faveur;16.0
ininprdoduits;1.0
étranger;16.0
transportés;2.0
cheiïiino;1.0
fer;8.0
français;21.0
dplon;1.0
uftaes;1.0
perçues;13.0
alcool;53.0
ado;1.0
crol;1.0
montmorillon;3.0
vienne;2.0
adontl-;1.0
déclaration;12.0
urgence;16.0
autoriser;4.0
som;1.0
erhourg;1.0
manche;9.0
emprunter;6.0
somn;1.0
suru;1.0
établissement;10.0
conte;1.0
e-sur-noireau;1.0
calvados;3.0
tae;2.0
surtroi;2.0
octrol;1.0
tréport;1.0
seine-inférieure;9.0
pro-jet;1.0
portantfprorogation;1.0
surtaxpc;1.0
cidre;2.0
ctrol;1.0
saint-servan;2.0
ille-et-vilaine;4.0
prdjet;1.0
surde;1.0
pderçues;1.0
é-sur-escaut;1.0
nord;30.0
vrjet;1.0
ofirn;1.0
isère;15.0
somme;18.0
imposer;7.0
extraordinairement;4.0
yiroler;1.0
rojet;3.0
surtpoj;1.0
çues;1.0
biarritz;2.0
liasses-pyrénées;1.0
delrçues;1.0
mure;2.0
suiarojet;1.0
surtaxésur;1.0
création;4.0
rni;1.0
luçon;1.0
vendée;26.0
camp;2.0
ecplerçue;1.0
grand;21.0
vados;1.0
surpafrojet;1.0
surtatol;1.0
diri;1.0
inistère;1.0
gasti-t;1.0
plout;1.0
finistère;23.0
surxprojet;1.0
goues-;1.0
llsterp;1.0
portlaunav;1.0
irvillac;3.0
adoption;31.0
ouverture;23.0
ministre;83.0
justice;13.0
culte;13.0
exercice;46.0
crédit;50.0
supplémentaire;14.0
inscrire;8.0
chapitre;9.0
traitement;5.0
curé;4.0
instruction;29.0
publique;28.0
beaux-arts;10.0
lre;6.0
section;6.0
application;10.0
pile;4.0
volta;4.0
suite;9.0
discussion;29.0
modifié;6.0
sénat;19.0
recrutement;14.0
armée;41.0
art;37.0
amendement;54.0
onel;1.0
baron;72.0
plazanet;10.0
bâtie;12.0
labordère;6.0
rapporteur;62.0
rejet;6.0
scrutin;46.0
lefèvre-pontalis;15.0
affaire;10.0
paragraphe;33.0
article;95.0
proposé;6.0
commission;88.0
dernier;6.0
ensemble;7.0
ltr;1.0
bourgeois;49.0
guerre;55.0
reille;23.0
chevandier;21.0
partie;23.0
comte;135.0
lanjuinais;28.0
lanj;1.0
uinais;1.0
retrait;1.0
morel;10.0
trubert;32.0
renvoi;7.0
dépôt;21.0
gabriel;8.0
compayré;9.0
budget;26.0
service;76.0
enseignement;20.0
primaire;13.0
debaudry-d;1.0
asson;21.0
public;8.0
tribune;6.0
faute;3.0
quorum;3.0
intérieur;4.0
grasse;2.0
alpes-maritimes;2.0
franc;10.0
finance;9.0
guéret;2.0
creuse;2.0
marseille;2.0
bouches-du-rhône;1.0
prorogation-;1.0
rouen;2.0
samtjean-de-maurienne;1.0
savoie;8.0
tne;1.0
salin;2.0
jura;9.0
sisteron;2.0
bassesalpes;1.0
adopté;41.0
modification;9.0
régularisation;4.0
décret;5.0
conseil;15.0
ouvert;13.0
supplémentaires;4.0
titre;33.0
annexe;4.0
chemin;7.0
annulation;4.0
spéciaux;2.0
clos;3.0
périmés;2.0
siegfried;6.0
port;5.0
maritime;5.0
naviga-;1.0
bles;2.0
objet;24.0
accepter;4.0
avance;2.0
offerte;2.0
commerce;6.0
bayonne;4.0
vue;7.0
achèvement;3.0
travaux;10.0
améli;1.0
oration;1.0
autorisés;4.0
juin;7.0
régler;3.0
moyen;8.0
financier;4.0
destinés;2.0
assurer;3.0
réalisation;2.0
ofi;1.0
res;3.0
suquet;7.0
sérlat;1.0
nomination;5.0
suppléant;2.0
cas;16.0
démission;2.0
yves-guyot;9.0
lçi;1.0
nombre;52.0
reconnaissance;5.0
utuité;1.0
association;4.0
science;6.0
anthropologiques;3.0
gomot;8.0
montant;2.0
sommé;1.0
michou;9.0
plonéour-lanvern;2.0
rumengol;2.0
crozon;3.0
saint-quentin;3.0
aisne;7.0
horteur;5.0
marti;1.0
nique;1.0
nouvelle;15.0
dénomination;2.0
morne-rouge;1.0
ajoupa-bouillon;2.0
marigot;2.0
charonnat;7.0
saint-dié;3.0
vosges;2.0
loustalot;6.0
doublement;2.0
conseiller;3.0
général;39.0
canton;3.0
au-dessus;2.0
habitant;2.0
prisldence;1.0
jules;44.0
méline;6.0
ouverte;2.0
charles;14.0
chevalier;6.0
secrétaire;6.0
donne;9.0
procès-verbal;4.0
samedi;1.0
mathé;14.0
porté;3.0
journal;5.0
officiel;5.0
abstenu;1.0
déclare;5.0
voté;17.0
observation;6.0
honneur;9.0
déposer;4.0
bureau;7.0
rap;1.0
evian;2.0
haute-savoie;1.0
tendeit;1.0
rhône;1.0
gillet;6.0
somnuire;1.0
tondant;1.0
privilège;4.0
gros;7.0
imprimé;7.0
distribués;5.0
syol;1.0
donner;14.0
lisant;3.0
Monsieur;57.0
inuiative;1.0
avis;5.0
lieu;18.0
prendre;6.0
considération;6.0
relative;1.0
produit;17.0
novembre;4.0
constate;1.0
pouvant;2.0
ell;2.0
ets;1.0
rétroactifs;1.0
apportera;1.0
changement;2.0
brusque;1.0
régime;3.0
actuel;5.0
transport;1.0
ménage;1.0
exis-;1.0
lit;3.0
quelques-uns;1.0
membre;12.0
demandent;5.0
élargir;1.0
principe;9.0
réciprocité;1.0
ajouté;1.0
phrase;3.0
kilométrique;1.0
mil-;1.0
réseau;2.0
trancit;1.0
exceptes;1.0
inférieur;5.0
ldlométrique;1.0
payé;1.0
similaires;1.0
votre-;1.0
favora;1.0
ble-;1.0
examen;10.0
voire;2.0
opposition;6.0
distribue;1.0
renvoyée;4.0
obligatoire;2.0
vérification;8.0
densimètres;1.0
sucre;1.0
imprimée;1.0
distribuée;2.0
excuse;2.0
riotteau;5.0
lereiaty;1.0
liais;8.0
bernard;13.0
doubs;6.0
excusent;2.0
pouvoir;7.0
assister;5.0
jour;44.0
remoiville;1.0
chatenay;5.0
gadaûd;1.0
vicomte;48.0
turenne;8.0
alf;2.0
red;1.0
michel;6.0
renvoyées;1.0
annonce;1.0
dépcté;1.0
faire;36.0
triste;2.0
communication;1.0
hude;2.0
vient;11.0
mourir;1.0
vie;5.0
avons;14.0
peine;2.0
connu;4.0
cruelle;1.0
maladie;2.0
minait;1.0
santé;6.0
fini;2.0
succomber;1.0
éloignait;1.0
uveut;1.0
empêchait;1.0
part;22.0
active;7.0
justement;1.0
populaire;2.0
issy;1.0
municipal;7.0
maire;2.0
consacré;1.0
dévouement;2.0
infatigable;1.0
activité;9.0
intelligence;2.0
aptitude;1.0
administratif;1.0
ifrès;1.0
gauche;42.0
électeur;1.0
venu;1.0
chercher;1.0
prier;1.0
représenter;2.0
liste;7.0
républicain;4.0
banlieue;1.0
important;1.0
exerçait;1.0
parfaite;1.0
honorabilité;1.0
rude;1.0
homme;32.0
esprit;18.0
pratique;4.0
administrateur;1.0
sut;1.0
prouver;2.0
seule;3.0
prit;1.0
question;21.0
mort;2.0
prématuré;1.0
permis;1.0
mesure;6.0
laissera;2.0
unanimes;1.0
regret;2.0
administré;1.0
oubliera;1.0
réputation;1.0
comptait;1.0
ami;5.0
tenaient;1.0
haute;1.0
estime;2.0
fermeté;1.0
caractère;2.0
ardeur;1.0
résolue;1.0
conviction;1.0
marque;2.0
approbation;6.0
obsèque;1.0
fixé;9.0
ultérieurement;1.0
procédé;5.0
tirage;1.0
sort;4.0
députation;1.0
chargée;1.0
funéraille;1.0
iiix;1.0
fiii;1.0
opération;2.0
désigne;1.0
aride;1.0
bovier-lapierre;7.0
bresson;6.0
casse;6.0
germain;13.0
cavalié;5.0
deschanel;5.0
paul;48.0
dethou;6.0
duchatel;3.0
escande;6.0
georges;34.0
fanre;1.0
hippolyte;13.0
marne;19.0
frescheville;4.0
hubbard;4.0
gustave;13.0
jacquier;7.0
rassetière;1.0
lolli;1.0
forge;8.0
anatole;5.0
lasbaysses;6.0
roy;11.0
leygnes;2.0
maynard;5.0
claye;9.0
pain;8.0
pajol;1.0
paulmier;6.0
lloure;2.0
iyr;1.0
jut;1.0
loc;1.0
ordre;22.0
appelle;7.0
iyienne;1.0
quelqu;2.0
dprnande-t-hla;1.0
consulte;5.0
passage;2.0
consultée;4.0
décide;4.0
passe;4.0
prorogées;2.0
inclusivement;13.0
ci-après;4.0
autorisées;7.0
savoir;10.0
hectolitre;33.0
cercle;4.0
bouteille;4.0
pur;16.0
contenu;11.0
eau-de-vie;23.0
liqueur;13.0
fruit;13.0
absinthe;11.0
indépendant;14.0
droit;32.0
établi;9.0
taxe;17.0
principale;14.0
boisson;14.0
mis;9.0
voix;36.0
exclusivement;4.0
affecté;8.0
remboursement;2.0
emprunt;6.0
municipalité;2.0
tenue;12.0
justifier;9.0
année;45.0
préfecture;3.0
emploi;11.0
ressource;6.0
ment;6.0
dépense;27.0
spéciale;7.0
autorisée;20.0
compte;15.0
recette;10.0
fourni;9.0
expiration;12.0
délai;5.0
an;57.0
présente;12.0
adopt;1.0
est-mis;1.0
uroe;1.0
cal;1.0
apq;1.0
térêt;1.0
nécessai;1.0
déclarer;6.0
ayai;1.0
adopte;2.0
successivciul;1.0
disfl;1.0
sion;2.0
forme;3.0
réglementaires;1.0
sident;1.0
texte;17.0
unique;7.0
chel;1.0
bollr;1.0
taux;2.0
excède;1.0
jou;1.0
remboursable;2.0
partir;3.0
nu;1.0
ordinaire;13.0
destinée;2.0
converti;1.0
dette;4.0
municipale;5.0
pourra;7.0
réalisé;2.0
publicité;2.0
concurrence;3.0
gré;3.0
souscription;4.0
publiql;1.0
faculté;10.0
émettre;2.0
obligation;7.0
porteur;2.0
transmissiblcs;1.0
endossent;1.0
directement;2.0
auprès;3.0
caisse;2.0
consignation;1.0
forlele;1.0
france;31.0
condition;13.0
ments;1.0
vrir;1.0
traité;4.0
passer;6.0
blement;1.0
soumises;1.0
nistre;7.0
jel;1.0
janviei;1.0
-fiet;1.0
inclusi;1.0
perçu;5.0
col;1.0
dé-gu;1.0
noireau;1.0
suivai;1.0
knl;1.0
pris;15.0
absi;1.0
inclrpendant;1.0
perçus;5.0
autori;1.0
précède;5.0
afff-;1.0
tées;1.0
eij;1.0
votés;1.0
vril;1.0
octobre;3.0
administration;7.0
locale;8.0
préfet;11.0
ierl;1.0
ploi;1.0
durée;16.0
fixée;6.0
sente;1.0
sul;1.0
actuellement;6.0
per;1.0
pert;1.0
trépo;1.0
vertu;8.0
bre;3.0
con-;2.0
lans;1.0
absint;1.0
hiio;1.0
urtaxes;1.0
axe;2.0
antp;1.0
lllcipales;1.0
boissoils;1.0
articip;1.0
spécialement;8.0
ordi;1.0
payement;7.0
extralllures;1.0
euumérées;1.0
délibération;8.0
ïnunini;1.0
février;2.0
dmmlstration;1.0
-iiiof;1.0
fera;10.0
eli;1.0
tion;10.0
hxée;1.0
axée;1.0
pré-;2.0
prorogée;4.0
-mbr;1.0
perception;8.0
aloctr;1.0
ille;1.0
et-vilaine;1.0
bouteyi;1.0
poirés;1.0
lcctolitl;1.0
ealx-de-vie;1.0
fruitéa;1.0
vms;1.0
fldres;1.0
fuie;1.0
precede;1.0
jetée;1.0
lau;1.0
résult;1.0
uit;3.0
lllt;1.0
translation;1.0
cimetière;1.0
marché;1.0
jushnistratioll;1.0
ero;1.0
ernploî;1.0
géêtre;1.0
liai;1.0
ourll;1.0
-est;1.0
sui;1.0
boisso;1.0
pe-çues;1.0
condé-sur-escaut;1.0
rdi;1.0
ûvfv;1.0
ceril;1.0
jan;1.0
con;2.0
eitix-cie-vie;1.0
absinmiftm;1.0
urs;1.0
roits;1.0
sdurtaxes;1.0
its;1.0
fia;1.0
fr-;1.0
iqs;1.0
rnêus;1.0
artice;1.0
fect;1.0
pale;1.0
ees;1.0
munici-;1.0
vfte;1.0
nlstration;1.0
seta;1.0
lloi;1.0
aclue;1.0
emoi;1.0
jet;2.0
tio;1.0
iev;1.0
voiron;1.0
isôre;1.0
ill;2.0
ùrnrnp;1.0
ourr;1.0
excéder;4.0
rnp;1.0
gll;1.0
jus-;1.0
èollc;1.0
-rrcrice;1.0
rement;1.0
contractés;1.0
paragraph;1.0
avril;2.0
surplus;2.0
pourvoir;1.0
acquisition;2.0
déjà;9.0
date;5.0
mar;10.0
transmissibles;1.0
endossement;1.0
foncier;1.0
ouvrir;2.0
préalablement;1.0
soufnises;1.0
centime;6.0
additionnels;4.0
principal;1.0
contribution;1.0
directes;1.0
imposition;1.0
cessera;1.0
mise;4.0
recouvrement;1.0
réduite;1.0
quotité;1.0
janvier;1.0
amortissement;1.0
vote;31.0
présenté;2.0
desdites;1.0
basses-pyrénées;1.0
inclusiyement;1.0
spiritueux;1.0
juslilier;1.0
lucon;1.0
eaude-vie;3.0
précèdent;1.0
exécution;4.0
dûment;1.0
conformément;10.0
grandcamp;2.0
atleetée;1.0
agrandissement;1.0
maison;1.0
école;46.0
indiqués;1.0
dirinon;1.0
jusquau;1.0
plougasteldaoulas;1.0
gouesnon;1.0
réparation;1.0
halle;1.0
et-de;1.0
mairie;1.0
dotte;1.0
provenant;2.0
terrain;5.0
port-launay;1.0
due;2.0
prévus;1.0
août;2.0
indiquées;2.0
déli-;1.0
bération;1.0
distribué;3.0
dois;4.0
consulter;3.0
ensuite;7.0
ministère;2.0
pourvu;3.0
dépouillement;11.0
résultat;7.0
votant;21.0
lajorité;1.0
absolue;21.0
lru;1.0
demande-t-il;1.0
mets;14.0
lro;1.0
inscrit;6.0
portera;1.0
récompense;1.0
nationale;8.0
auteur;4.0
meilleur;3.0
générale;2.0
majorité;15.0
parle;3.0
arrêtée;1.0
donné;5.0
colonel;10.0
lamarzelle;7.0
conçu;5.0
jeune;54.0
lors;3.0
engagement;5.0
appel;13.0
classe;62.0
justi-;1.0
fieront;1.0
diplôme;5.0
bachelier;2.0
lettre;5.0
bacheiie;1.0
secondaire;1.0
spécial;1.0
ront;1.0
admis;2.0
passée;1.0
drapeau;9.0
garantie;4.0
terminées;2.0
règlement;6.0
administr;1.0
demander;8.0
sursis;51.0
anuet;1.0
vinfe;1.0
âge;2.0
passeront;2.0
réser;1.0
obtenu;16.0
grade;16.0
licencié;3.0
dahu;1.0
devront;1.0
compléter;1.0
temps;26.0
vice;3.0
disposition;20.0
applicables;2.0
élève;25.0
beaux-art;1.0
soient;8.0
logarithme;1.0
vingt-quatre;1.0
accoi;1.0
pli;2.0
pourvus;7.0
diplômeu;1.0
docteur;22.0
médecine;26.0
justifient;1.0
pharmacien;9.0
acco;1.0
plissent;1.0
actif;9.0
corps;17.0
troupe;10.0
qualité;15.0
aides-majors;19.0
longueur;1.0
rédaction;10.0
amende;1.0
diffère;1.0
point;6.0
proposl;1.0
faite;4.0
agit;18.0
substituer;2.0
seil;1.0
revision;3.0
rendant;1.0
décision;6.0
tca-;1.0
conformité;1.0
lorsqu;6.0
tue;1.0
matière;9.0
dispense;14.0
ordlalfts;1.0
autorité;4.0
compten;1.0
circonstance;2.0
indlqfc;1.0
simplification;1.0
don;1.0
apporter;3.0
fonctionnement;1.0
ili;1.0
substitution;1.0
ridiction;1.0
compétente;1.0
expéditive;1.0
juridiction;2.0
shlva;1.0
espèce;7.0
upe;1.0
préoe;1.0
accordé;15.0
catégorie;8.0
distinctes;2.0
pel;2.0
els;1.0
demanderont;1.0
cofll-;1.0
mencer;1.0
étude;11.0
besoini;1.0
apprentissage;2.0
entrep;1.0
revlsioiet;1.0
statuera;1.0
vois;5.0
inconvénj;1.0
anai;1.0
convient;1.0
alorse;1.0
statue;3.0
pell;1.0
seconde;6.0
prévue;2.0
afiv;1.0
déterminé;1.0
arr;1.0
graphe;1.0
facu;1.0
forfllclas;1.0
spécifiés;1.0
cias;1.0
sification;1.0
change;1.0
rien-;1.0
statuer;5.0
qne;1.0
renouatre;1.0
obtenir;2.0
qjuatre;1.0
revlsl;1.0
crois;9.0
mal;5.0
propos;3.0
mouvement;3.0
lnllflil;1.0
cipaux;1.0
père;4.0
famille;2.0
ellic;1.0
sous-préfet;1.0
euet;1.0
examiner;3.0
résoudre;1.0
sont-ils;2.0
réellement;1.0
poursuivent-ils;1.0
prennent-ils;1.0
rie;2.0
scriptions;1.0
convenablement;2.0
prescrite;1.0
parla;1.0
jiofl;1.0
qul;1.0
stcé;1.0
ugs;1.0
compétents;1.0
nlli;1.0
plir;1.0
agriculture;2.0
déterm;1.0
inéspf;1.0
puis;6.0
second;8.0
par-dess;1.0
app;2.0
sollicité;1.0
quelq;1.0
iln;1.0
visée;1.0
véuiee;1.0
compétent;1.0
égard;4.0
besoin;6.0
ssrvice;1.0
lhilitaire;1.0
simpli;1.0
rationnelle;1.0
justifie;1.0
espère;2.0
soai;1.0
accord;8.0
gouvrnement;1.0
voit;1.0
loin;1.0
systématique;1.0
esures;1.0
favorables;1.0
ingérence;1.0
ministél;1.0
lelle;1.0
disposés;2.0
appuyer;1.0
justifiées;2.0
jamais;14.0
ner;1.0
rouage;1.0
absolument;8.0
inutiles;1.0
poir;1.0
laisser;5.0
compétence;2.0
seuls;2.0
apnrécier;1.0
légitimité;1.0
opportunité;1.0
gestion;1.0
banc;12.0
batie;3.0
relon;1.0
textuelle;1.0
kepollssé;1.0
persister;1.0
plé;1.0
dnut;1.0
réclamation;2.0
lode-;1.0
ireuve;1.0
mauvais;3.0
seul;2.0
réponse;1.0
rapportr;1.0
péremptoire;1.0
serait;11.0
inutile;2.0
deuième;1.0
pro-;1.0
poee;1.0
semble;4.0
pareille;4.0
obstruciou;1.0
consiste;2.0
renouveler;1.0
argurheilts;1.0
appréciés;1.0
ambre;1.0
contraire;4.0
voulr;1.0
permettre;5.0
apprécier;1.0
ollveau;1.0
déjuger;1.0
amenyient;1.0
sip;1.0
lafont;13.0
vernières;1.0
achard;13.0
hérisson;8.0
desmons;6.0
leydet;9.0
lard;1.0
wickersheimer;6.0
sigismond;8.0
lacm;1.0
maurice-faur;1.0
crémieux;7.0
benjamin;7.0
ail;2.0
brelay;7.0
brialou;7.0
dutailly;5.0
mesuie;1.0
millerand;6.0
périllier;8.0
recueillis;5.0
setvl;1.0
taires;1.0
déolulloment;1.0
ous;3.0
arrivons;2.0
leqere-pontalis;1.0
paix;3.0
dispensé;4.0
tice;1.0
présence;12.0
instituteur;19.0
laïque;12.0
gie;1.0
lces;1.0
congrégation;4.0
reliîiue;1.0
uée;1.0
reconls;1.0
utilite;1.0
prennent;1.0
fenl;1.0
gment;1.0
servir;8.0
ecoles;4.0
orient;16.0
afrique;14.0
rationnées;1.0
gouvernement;14.0
fran;1.0
ecclésiastique;6.0
justicnront;1.0
attestation;1.0
consul;2.0
gage;1.0
océanie;1.0
de-e;1.0
rique;1.0
uvre;3.0
tservle;1.0
relitinno;1.0
catholique;8.0
associails;1.0
protestant;3.0
israélite;2.0
loranchet;7.0
contenue;1.0
discuté;2.0
repoussé;3.0
présidant;3.0
edt;1.0
discute;2.0
interruption;8.0
veuillez;3.0
écouter;1.0
orateur;3.0
silence;1.0
refusant;1.0
dei;2.0
élevées;1.0
honorable;19.0
mézière;7.0
faisait;1.0
valoir;2.0
enlevé;1.0
défendre;2.0
soutenir;1.0
répond;1.0
nécessité;3.0
diplomatie;2.0
politique;4.0
extérieure;2.0
protectorat;6.0
considère;1.0
devoir;7.0
remplir;3.0
défense;1.0
cause;3.0
parlement;3.0
parti;7.0
nationaux;1.0
trouvé;2.0
rang;4.0
convaincus;1.0
inspiré;2.0
religieux;14.0
patriotiques;1.0
invoquer;3.0
demandant;2.0
renvoyer;3.0
distinction;2.0
congréganiste;9.0
confessionnel;1.0
entends;2.0
missionnaire;21.0
vocation;8.0
assistance;1.0
malade;1.0
évangélisation;1.0
voué;2.0
ouvre;1.0
arrive;2.0
reste;3.0
partout;4.0
croix;1.0
porte;9.0
exclamation;13.0
mère-patrie;1.0
donnant;1.0
représentent;3.0
élite;4.0
intellectuel;2.0
morale;2.0
oui;10.0
longue;3.0
savant;1.0
préparent;1.0
effrayeraient;1.0
érudit;1.0
abnégation;1.0
sacrifice;3.0
poussée;1.0
souvent;3.0
héroïsme;2.0
doit-se;1.0
montrer;1.0
fiôre;1.0
répudier;1.0
gloire;2.0
congré;1.0
ganistes;1.0
également;11.0
est-ce;19.0
aimer;2.0
bienfait;1.0
estimer;1.0
langue;6.0
facilitent;1.0
relation;1.0
commerciale;2.0
patrie;2.0
région;2.0
lointaines;2.0
tachent;1.0
conquérir;1.0
civilisation;1.0
peut-être;3.0
parler;3.0
applaudissement;10.0
condamné;1.0
recueillir;3.0
surveiller;1.0
frontière;3.0
refaire;1.0
concours;15.0
aident;1.0
expansion;1.0
pacifique;1.0
étendent;2.0
connaître;4.0
propagent;2.0
bonne;2.0
renommée;1.0
grâce;1.0
séculaires;1.0
capitulation;1.0
reconnu;3.0
berlin;2.0
exerce;2.0
exercer;2.0
pays;6.0
immuable;1.0
religion;2.0
inséparable;1.0
pourraitelle;1.0
militaire;38.0
suivi;1.0
réserve;37.0
territoriale;5.0
manquer;1.0
entraver;2.0
gêner;1.0
courte;2.0
retarder;1.0
carrière;2.0
favoriser;3.0
pourrait-elle;1.0
conserver;3.0
scolaire;4.0
hospitalier;4.0
communauté;1.0
chrétien;3.0
assurent;1.0
propagande;1.0
instrument;1.0
influence;2.0
valent;1.0
clientèle;1.0
félicitent;1.0
devraient;1.0
indifférents;1.0
inconnu;1.0
venir;4.0
aide;2.0
votent;1.0
faut-il;1.0
gagné;2.0
profit;7.0
perdu;1.0
sont-ce;2.0
frère;2.0
doctrine;1.0
pionnier;1.0
dues;1.0
sait;4.0
levant;1.0
egypte;1.0
subventionne;1.0
europe;2.0
envie;1.0
atteste;1.0
dit;18.0
devrions;1.0
fiers;1.0
cho;1.0
ouvertes;2.0
enfant;6.0
foyer;13.0
lumière;1.0
tolérance;1.0
rumeur;1.0
pouvez;5.0
entendre;1.0
interrompre;2.0
puisse;3.0
blesser;1.0
concerne;4.0
robe;1.0
portent;1.0
servent;3.0
italien;6.0
succèdent;1.0
syrie;2.0
arménie;1.0
que-;1.0
estpas;1.0
constantinople;1.0
remplacés;2.0
hôpital;14.0
dominicain;2.0
mossoul;1.0
prolit;1.0
bagdad;1.0
appartient;1.0
carme;1.0
franciscain;3.0
revivre;1.0
internationale;1.0
terresainte;1.0
antique;1.0
tradition;3.0
iiationales;1.0
fonder;1.0
avantage;2.0
acguis;1.0
profiteraient;1.0
nation;5.0
enfin;4.0
extrême-orient;1.0
annam;1.0
tonkin;1.0
chine;1.0
japon;1.0
lazariste;1.0
bèrt;1.0
luimême;1.0
reconnaissait;1.0
trouvait;1.0
obligé;4.0
cessent;3.0
rapprochant;1.0
population;3.0
pacifiant;1.0
conciliant;1.0
facilement;2.0
arme;1.0
côté;5.0
a-t-il;2.0
puissance;1.0
arabe;2.0
monde;2.0
mis-;1.0
sionnaires;2.0
est-il;4.0
indifférent;3.0
algérie;4.0
tunisie;2.0
milieu;5.0
cesse;2.0
croissante;1.0
nomade;1.0
acclimatent;1.0
colonie;1.0
multiplient;1.0
trouvent;2.0
appelé;18.0
viennent;4.0
belgique;2.0
espagne;2.0
italie;5.0
ailleurs;6.0
entière;3.0
européen;1.0
semblent;1.0
disposées;1.0
partager;1.0
découper;1.0
revendiquer;1.0
contestables;2.0
incontestaple;1.0
déclarant;1.0
commun;2.0
esclavage;2.0
extirper;1.0
continent;1.0
africain;1.0
plaie;1.0
hideuse;1.0
traite;1.0
noir;1.0
souille;1.0
ensanglante;1.0
dépeuple;1.0
généreux;5.0
croisade;4.0
humanité;1.0
intéressent;1.0
rome;1.0
londres;1.0
bruxelles;1.0
haye;1.0
rivet;6.0
parlements-là;1.0
savez;1.0
république;2.0
proclamé;1.0
abolition;1.0
lefè;1.0
vre-pontalis;1.0
apôtre;1.0
cardinal;2.0
poussé;1.0
cri;2.0
miséricorde;1.0
pitié;1.0
victime;1.0
torturées;1.0
massacrées;1.0
mieux;5.0
saint-esprit;1.0
côte;2.0
alger;1.0
blanc;8.0
tce;1.0
prosélytisme;2.0
musulman;4.0
craindre;1.0
intervention;1.0
interdit;1.0
statut;1.0
résumait;1.0
lavigerie;1.0
baut;1.0
chaire;1.0
chrétienn;1.0
prononçait;2.0
mémorables;1.0
considérerais;1.0
crime;1.0
folie;1.0
surexciter;1.0
acte;2.0
vis;1.0
ajoutait-il;2.0
regardent;1.0
pasteur;1.0
regarder;1.0
conversion;1.0
engages;1.0
serment;1.0
lient;1.0
obligent;1.0
vivre;1.0
indigène;2.0
dévouer;1.0
commençant;2.0
nature;4.0
humaine;2.0
contagieux;2.0
veé;1.0
sang;3.0
martyre;1.0
succombé;1.0
climat;2.0
remplaceront;1.0
glorieux;1.0
disparu;1.0
liberté;1.0
apprendre;1.0
commencer;1.0
tôt;2.0
apostolat;1.0
exigeant;1.0
donnerez;1.0
témoignage;3.0
encouragement;1.0
affranchissement;1.0
fidèle;1.0
armais;1.0
mesquines;1.0
objection;6.0
peut-on;1.0
prétend;2.0
pouvait;5.0
souffrir;1.0
aux-avant-postes;1.0
restés;1.0
régiment;1.0
agit-il;1.0
dégarnir;1.0
disait;5.0
juillet;4.0
existe;3.0
annuel;1.0
puéril;1.0
insister;1.0
craignez-vous;1.0
pouraient;1.0
voudraient;1.0
dérober;1.0
abandonner;1.0
aller;2.0
diriger;3.0
renoncer;1.0
terre;4.0
exposer;1.0
meurtrier;1.0
supplice;1.0
barbare;1.0
craignez;1.0
tentante;1.0
préoccupation;2.0
réglementation;1.0
impose;2.0
situation;16.0
subordonné;1.0
consulat;1.0
enverront;1.0
donnée;2.0
abus;1.0
subsiste;1.0
cherche;1.0
dissimuler;2.0
veut;6.0
paraître;2.0
obstine;1.0
considérer;1.0
aime;2.0
sacrifier;2.0
fa-;1.0
voriser;1.0
sevaistre;6.0
vérité;2.0
lefebvre-pontalis;1.0
advienne;1.0
sacrifié;1.0
manie;1.0
fanatisme;1.0
égalité;5.0
recrll-;1.0
tement;1.0
gêné;1.0
entravé;1.0
souffrira;1.0
propagation;1.0
ralentie;1.0
doute;2.0
pourront;5.0
disparaître;4.0
resteront;1.0
vacantes;1.0
remplacées;1.0
ehéritée;1.0
passera;2.0
héritage;1.0
héritier;1.0
tiennent;1.0
prêt;2.0
prenantes;1.0
succession;2.0
tombée;1.0
déshérence;1.0
allemagne;5.0
bientrès;1.0
adroite;2.0
espérance;1.0
convoitise;1.0
ont-elles;1.0
créé;2.0
séminaire;1.0
prospèrent;1.0
appui;2.0
subside;1.0
leursgouvernements;1.0
péllln-;1.0
suie;1.0
persécuter;1.0
clergé;1.0
sorte;5.0
vexation;1.0
supprimer;5.0
contester;1.0
ecclésiastlques;1.0
exemption;8.0
propre;1.0
manque;2.0
suivre;2.0
supprime;1.0
soin;2.0
commissariat;1.0
tenir;3.0
disputer;1.0
quoii;1.0
presque;1.0
appeler;3.0
moment;7.0
voulez;7.0
refuser;1.0
accorder;5.0
vraiment;1.0
national;3.0
contraste;1.0
facile;3.0
expliquer;1.0
accorde;2.0
large;1.0
libérant;1.0
prévoyante;1.0
tenu;5.0
gratifier;1.0
tetro;1.0
saint;5.0
recruter;1.0
alternai;1.0
dispose;1.0
société;1.0
palestine;1.0
fondé;2.0
cologne;1.0
prépare;1.0
importation;1.0
zanzibar;1.0
compter;2.0
afriqc;1.0
convient-il;1.0
dèi;1.0
exigence;2.0
ilistitu-;1.0
teurs;1.0
vo-;1.0
tre;3.0
signification;2.0
antipatriotiquj;1.0
place;6.0
erre;1.0
bruit;7.0
leu;3.0
ae-;1.0
ceptons;1.0
théorie;1.0
lefèvro-foatalis;1.0
ùol;1.0
impossible;5.0
devon;2.0
souvenir;1.0
dis;1.0
servi;1.0
digne;1.0
rolt;1.0
-orsqu;1.0
espérer;1.0
répugnance;1.0
puissent;3.0
cesser;2.0
peser;1.0
balance;1.0
champ;7.0
bataille;3.0
incrédules;1.0
croyant;1.0
plussent;1.0
mêler;1.0
rencontrer;1.0
permettant;1.0
oublier;3.0
inimitié;1.0
dissentiment;1.0
séparent;1.0
llu;1.0
pftuvent;1.0
rapprocher;1.0
serviraient;1.0
cuseignements;1.0
histoire;2.0
lls;1.0
aveu;1.0
eta;1.0
élevez;1.0
arrois;1.0
odilt;1.0
garder;1.0
sienee;1.0
êtes;2.0
can;1.0
pense;2.0
allusion;2.0
oirlnles;1.0
rire;3.0
i-ip;1.0
sci;2.0
hanel;1.0
rappelait;1.0
derl;1.0
lere;1.0
éloquentes;1.0
natioe;1.0
apprennent;1.0
anfran;1.0
rgime;1.0
agissait;2.0
leançals;1.0
roi;1.0
appelaient;3.0
fil;1.0
ainés;1.0
eglise;1.0
yatlces;1.0
méditerranée;1.0
turquie;1.0
lie;3.0
adversaire;1.0
alliance;1.0
impie;1.0
croissant;1.0
lys;1.0
-bruit;1.0
hst-e;1.0
nlnais;1.0
fallait;2.0
etlnlstres;1.0
richelieu;1.0
jlazarin;1.0
oubliassent;1.0
cardifta;1.0
taiie;1.0
alleil;1.0
lagrie;1.0
maintenir;3.0
équilibre;1.0
invoque;1.0
vpnji;1.0
révolution;2.0
flu;1.0
nçals;1.0
mi-;1.0
salut;1.0
fai;1.0
fermer;1.0
église;1.0
massacrer;1.0
privrct;1.0
décapiter;1.0
évêque;1.0
envovv;1.0
représentant;1.0
itis;1.0
tructioiis;1.0
formelles;2.0
continuassent;1.0
religieusevri;1.0
clnt;1.0
cérémonie;1.0
coucler;1.0
protection;1.0
dero-ff;1.0
persévérautto;1.0
s-à-vis;1.0
hoi;1.0
levancicrs;1.0
droitp;1.0
r-ce;1.0
spirait;1.0
dirai;1.0
thiers;5.0
horn;1.0
ujourd;1.0
rntat;1.0
aurait;9.0
interrompent;1.0
gamtri;1.0
ul-;1.0
rnent;1.0
inconsidérément;1.0
divisé;1.0
kra;1.0
ennemi;1.0
clë;1.0
cléricalisme;1.0
hésitait;1.0
exportation;1.0
aillo;1.0
lgnage;1.0
illuiet;1.0
contp;1.0
esq;1.0
nelles;2.0
murmure;1.0
peutm;1.0
letel;1.0
stre;1.0
méconnaîtrai;1.0
sais;1.0
revient;1.0
moral;1.0
envient;1.0
disputent;1.0
prêtes;1.0
supplanter;1.0
loyalement;1.0
suffi;1.0
revenir;2.0
sentiment;2.0
soumettant;1.0
pourrais;2.0
mettre;5.0
patronage;1.0
ambassadeur;1.0
traditionnelle;1.0
patrimoine;1.0
sauvegarder;1.0
adopter;4.0
prétention;1.0
créer;2.0
faites-le;1.0
fasse;1.0
prolongés;2.0
rené;14.0
goblet;8.0
citer;2.0
prononcées;1.0
nécessairement;2.0
crée;1.0
malentendu;2.0
laisserai;1.0
rendrai;1.0
volontiers;1.0
importance;2.0
attache;1.0
développement;3.0
constaterai;1.0
sens;10.0
incomplètement;1.0
rappelé;4.0
considérais;1.0
entraîne;1.0
lointain;1.0
missionnaijes;1.0
maître;2.0
enseignant;1.0
ferme;2.0
nécessaire;6.0
obstacle;1.0
leurmission;1.0
indiquer;3.0
raison;13.0
empêché;1.0
réclamer;2.0
bénéfice;2.0
lefèvrepontalis;1.0
vise;2.0
ancien;2.0
suppose;1.0
reproduit;1.0
repose;1.0
avant-hier;2.0
artine;1.0
base;1.0
veux;5.0
terminer;2.0
satisfaction;4.0
prie;5.0
reporter;1.0
verra;2.0
régulière;1.0
étrauger;1.0
protégé;1.0
voter;5.0
conséquent;10.0
sécurité;1.0
mendement;1.0
signée;3.0
camille;26.0
dreyfus;7.0
tony;7.0
révilion;1.0
gousset;4.0
lacôte;5.0
maillard;8.0
barodet;7.0
camélinat;7.0
lacroix;14.0
mesureur;9.0
raspail;15.0
dellestable;5.0
salis;6.0
gaulier;7.0
perin;7.0
labrousse;6.0
barré;6.0
isî;1.0
contestation;3.0
siégeant;1.0
aii;1.0
chef-lieu;1.0
établirque;1.0
exploitation;1.0
agricole;2.0
industriel;2.0
livrent;1.0
parent;1.0
indispensable;2.0
enlevés;1.0
immédiatement;2.0
confère;3.0
renouvelé;1.0
continuer;4.0
libres;3.0
supérieur;6.0
salarié;1.0
charte;1.0
orientales;1.0
vivant;1.0
normale;6.0
centrale;1.0
manufacture;1.0
conservatoire;1.0
musique;1.0
vétérinaire;10.0
horticole;1.0
relevant;1.0
externe;1.0
pont;1.0
chaussée;1.0
génie;1.0
pharmacie;5.0
mineur;1.0
saintetienne;1.0
tles;1.0
placerait;1.0
reçu;16.0
parfaitement;4.0
aecord;1.0
accepte;4.0
édac;1.0
constituerait;1.0
intercalerait;1.0
paragràphe;1.0
perfectionner;1.0
métier;1.0
exercent;1.0
ouvrier;1.0
attaché;6.0
profession;1.0
artistiques;1.0
exigent;2.0
interrompue;1.0
contestés;1.0
teneur;1.0
restent;2.0
satisfaire;2.0
incorporé;9.0
présentées;2.0
instruites;1.0
jugées;1.0
prescrites;3.0
ci-dessus;2.0
étudiant;9.0
inscription;14.0
valables;5.0
officier;5.0
stage;1.0
accomplir;2.0
infirmier;21.0
interne;4.0
munis;6.0
doctorat;4.0
trouve;9.0
diplômé;4.0
accomplissent;3.0
auxiliaire;23.0
favorable;5.0
chef;7.0
subissent;4.0
succès;8.0
déterminées;3.0
aides-vétérinaires;8.0
renvoyés;11.0
jouissent;1.0
toutefois;2.0
obtention;1.0
suivront;1.0
retour;1.0
achever;3.0
légèrement;1.0
terminait;1.0
contenait;1.0
qua-;1.0
lité;1.0
prêter;1.0
amphibologie;1.0
interprétation;2.0
judaïque;1.0
conclure;1.0
vent;1.0
fin;4.0
disparaissent;1.0
soumise;1.0
qui-l;1.0
apportée;1.0
maurice;8.0
montéty;4.0
soland;8.0
entrés;2.0
majeur;2.0
consécration;1.0
aumônier;6.0
cherchais;1.0
satisfait;3.0
portée;3.0
considérable;3.0
permission;3.0
sommairement;1.0
demandons;7.0
défaut;2.0
mérite;1.0
aurai;1.0
brof;1.0
parlez;7.0
actuelle;3.0
expression;1.0
substituée;1.0
trouvons;2.0
malheureusement;1.0
prescription;2.0
prêtent;1.0
arbitraire;3.0
favoritisme;3.0
baudry;16.0
vrai;6.0
agi;1.0
marchandé;1.0
définitive;2.0
venue;1.0
assemblée;2.0
lendemain;1.0
désastre;1.0
ucun;1.0
hésité;1.0
patriotisme;2.0
marchanderons;1.0
donnons;1.0
marchander;1.0
exiger;2.0
prenne;2.0
précn;1.0
tions;1.0
entoure;1.0
exige;1.0
sollicitude;1.0
éclairée;1.0
conservation;1.0
permettez-moi;4.0
libre;1.0
croyance;1.0
rédigé;1.0
comportant;1.0
décerner;1.0
ertll;1.0
brevet;3.0
parait;3.0
empreint;1.0
conteste;3.0
indépendance;1.0
intention;2.0
main;1.0
forcée;2.0
prévention;1.0
suspicion;1.0
répète;7.0
milita;1.0
faut;8.0
penser;1.0
écouté;1.0
préférence;2.0
icu;1.0
exemple;3.0
appartenant;1.0
connaissez;1.0
ayait;1.0
forte;1.0
élevés;1.0
favorljl;1.0
seraien;1.0
reconnus;2.0
apte;2.0
recevoir;2.0
major;2.0
obtiendraient;2.0
snn;1.0
serais;1.0
cettetr;1.0
hune;1.0
comprennent;1.0
instant;4.0
démocratie;1.0
ave;1.0
égalitaire;1.0
démocrate;1.0
bienà;2.0
réfaction;1.0
eflu;1.0
donnera-t-on;1.0
gra;1.0
aide-major;4.0
adlile;1.0
note;7.0
églle;1.0
autant;2.0
qftlo;1.0
pltls;1.0
peut-èt;1.0
donnerez-vous;2.0
croire;2.0
quera;1.0
parel;1.0
effort;1.0
prendra;1.0
manière;7.0
bation;1.0
dites-nous;1.0
aurlll;1.0
oli;1.0
disposer;1.0
dignes;2.0
capables;1.0
méritants;1.0
défend;1.0
amendement-;1.0
coiir;1.0
wceoc;1.0
soumettre;5.0
prévoig;1.0
dira;1.0
envahis;1.0
débordés;1.0
fis;1.0
médecin;36.0
rmi;1.0
ers;1.0
brancardier;1.0
paraît;1.0
absolulont;1.0
répétées;1.0
age;2.0
éloquent;1.0
présent;10.0
coûtentés;1.0
million;15.0
lmes;1.0
liatiol;1.0
déclaré;1.0
toiiil;1.0
troi;1.0
nour;1.0
soute-;1.0
lle;1.0
liq;1.0
vulons;1.0
vouïons;1.0
i-ufo;1.0
rniiiion;1.0
face;5.0
trolslcme;1.0
disponible;1.0
trouverait;1.0
ecessaire;1.0
tiill;1.0
limite;1.0
patriosrn;1.0
mii;1.0
avez-vous;2.0
réfléchi;2.0
çup;1.0
oute;1.0
prononce;1.0
ji-;1.0
est-à-dire;6.0
arrriî;1.0
niais;1.0
ez-vous;2.0
effroyables;1.0
ravage;1.0
ituo;1.0
produiront;1.0
masse;1.0
titirm;1.0
perfectionnées;1.0
fusil;1.0
répécon;1.0
réttéto;1.0
incalculable;1.0
blessé;4.0
tfoniv;1.0
eront;1.0
permettez-illoi;1.0
soldat;15.0
succombent;1.0
meurent;2.0
épidémie;1.0
compagne;1.0
ggloinératiolls;1.0
iih-;1.0
serez;1.0
fièvre;1.0
tvnif;1.0
typhus;1.0
variole;1.0
fie;1.0
déciment;1.0
crains;1.0
chose;4.0
ïipt;1.0
débordé;1.0
déhnvi;1.0
vovt;1.0
insiste;3.0
livre;1.0
réflexion;1.0
attention;1.0
patriotique;2.0
devrais;1.0
ajouter;3.0
trouver;1.0
opais;1.0
qvec;1.0
obnto;1.0
fmre;1.0
voir;4.0
loyalemeilt;1.0
vis-à-vis;1.0
bif;1.0
vovs;1.0
devoils;1.0
atïli;1.0
pensé;4.0
-sâ;1.0
quil;1.0
luste;1.0
arj;1.0
lil;2.0
yeux;2.0
fermé;1.0
-no;1.0
publier;1.0
bace;1.0
veine;1.0
àrnp;1.0
échappe;1.0
apî;1.0
rnk;1.0
pardon;1.0
linsi;1.0
excrci-ce;1.0
médical;1.0
permettrez;2.0
apnarticns;1.0
hippocrate;1.0
ambrdise;1.0
paré;1.0
taille;1.0
batail;1.0
pitaî;1.0
hiîvû;1.0
dieu;1.0
soulager;2.0
misère;1.0
humaines;1.0
jugé;1.0
repousse;2.0
habitude;2.0
ladjuinais;1.0
laniuinais;1.0
viendra;1.0
tard;2.0
identique;2.0
pourrait;2.0
épargner;1.0
intervertir;1.0
laissezmoi;1.0
expliquerez;1.0
içs;1.0
médicale;2.0
adjonction;1.0
division;2.0
séparément;1.0
explication;3.0
pensée;1.0
établir;2.0
limitatif;1.0
reviens;1.0
clair;1.0
confrère;1.0
insuffisant;2.0
froisse;1.0
partisan;1.0
accepteront;1.0
répugnent;1.0
établit;1.0
qualifier;1.0
plaisir;1.0
cer-;1.0
taines;1.0
acceptons;1.0
conversation;1.0
dis-je;1.0
croient;1.0
aidesmajors;2.0
soigner;1.0
armement;1.0
effroyable;1.0
avez;9.0
raisoii;1.0
pensons;1.0
naître;2.0
soupçon;1.0
sortant;2.0
reçoivent;2.0
demanderai;3.0
conférera;1.0
freycluet;1.0
yuôrrô;1.0
comprends;2.0
difficulté;3.0
soulevée;1.0
engager;1.0
nommer;2.0
indistinctement;1.0
satisfaisantes;1.0
exposé;1.0
ètre;1.0
utilisés;2.0
aidemajor;2.0
indéterminé;1.0
candidat;1.0
limiter;2.0
posée;1.0
ferez-vous;1.0
ajoute;2.0
proposiez;1.0
choix;2.0
accepterais;1.0
défiance;1.0
introduire;3.0
réponds;2.0
composée;2.0
instituée;1.0
hoc;1.0
examinera;1.0
servipe;1.0
répondu;1.0
programme;1.0
indiqué;2.0
classés;1.0
proposés;1.0
paraissent;1.0
suffisantes;1.0
paraîtraient;1.0
lesamfen;1.0
aidesmaj;1.0
or;2.0
passeni;1.0
deviennent;1.0
raille;1.0
faudrait;1.0
spécifiant;1.0
appartiennent;2.0
disant;1.0
position;1.0
réserviste;9.0
introduisez;1.0
aides-;1.0
serviront;2.0
aurons;1.0
ob-;1.0
jection;1.0
puisqu;3.0
jaloux;1.0
appliquée;1.0
satisfaits;1.0
observer;3.0
rentreront;4.0
singulière;1.0
traiter;1.0
infir-;1.0
miers;1.0
erreur;5.0
effacé;1.0
seront-ils;1.0
autrement;1.0
vouloir;4.0
recrutera;1.0
excellentes;1.0
reconnaît;1.0
incorpore;1.0
destination;1.0
soucier;1.0
contradiction;1.0
signaler;1.0
résolution;1.0
aviez;1.0
prise;2.0
excellente;1.0
abandonnez-vous;1.0
aurais;2.0
voulu;7.0
auriez;2.0
maintenu;1.0
conserviez;1.0
singulier;1.0
retranche;1.0
subi;1.0
retire;1.0
prouvé;1.0
eugène;1.0
durand;6.0
entrent;1.0
entreraient-ils;1.0
moimême;1.0
demandé;6.0
commis-;1.0
retrancher;1.0
précédemment;1.0
adressé;1.0
réclamé;2.0
double;1.0
constituer;2.0
intéresse;1.0
préopinant;1.0
active-;1.0
placé;1.0
alimenté;1.0
pourriez;1.0
permettrait;1.0
proprement;1.0
perpétuer;1.0
proposée;1.0
décidez;1.0
action;1.0
disciplinaire;2.0
possibilité;1.0
remettre;1.0
cetain;1.0
ambulance;2.0
approprié;1.0
dangereux;1.0
spécifier;1.0
mentionné;1.0
spécifiez;1.0
rappellerez;1.0
vingt-huit;6.0
placerez;1.0
maintient;1.0
arrêté;1.0
cède;2.0
tour;5.0
aurontconcouru;1.0
trouveront;1.0
guyot-dessaigne;7.0
veuillent;1.0
met;1.0
sachions;1.0
prononcer;3.0
présenter;5.0
inter;1.0
prètent;1.0
contradictoires;1.0
prenions;1.0
garde;1.0
mesurce;1.0
précises;1.0
est-a-airt;1.0
terme;4.0
ouvrez;1.0
annuaire;1.0
verrez;1.0
titrtj;1.0
pourr;1.0
constater;3.0
mémoire;1.0
affirmé;1.0
auraient;1.0
titreide;1.0
médecins-majors;1.0
rentreraient;2.0
rectifier;1.0
volez;1.0
rectifie;1.0
seraient;1.0
jiang;1.0
ixcla;1.0
mations;1.0
convenir;1.0
remercie;1.0
rrw;1.0
fonction;1.0
réclamais;1.0
sati;1.0
faction;1.0
voixl;1.0
bour;2.0
geois;1.0
dent;1.0
entendu;3.0
jedéciarf;1.0
désire;1.0
guerlto;1.0
ait;1.0
compor;1.0
émanant;1.0
bouche;1.0
nialo;1.0
corne;1.0
équivoque;1.0
retirerais;1.0
cconditions;1.0
iltm;1.0
iiialil;1.0
monsi;1.0
vision;1.0
rgeois;1.0
retranchant;1.0
slre;1.0
réserver;1.0
fassent;2.0
dipltmo;1.0
interhes;1.0
pitaux;1.0
muls;1.0
fospitauers;1.0
iculté;1.0
sse;1.0
actomplssent;1.0
mîïit;1.0
air;2.0
îinm;1.0
réservp;1.0
applique-t-on;1.0
lamations;1.0
vmaintenue;1.0
plemlere;1.0
repoussée;1.0
commiao;1.0
exclamjitt;1.0
ion;1.0
ironiques;1.0
aoptée;1.0
commislon;1.0
appro-;1.0
atifs;1.0
signee;1.0
vernière;5.0
mariee;1.0
pajot;6.0
dcsmons;1.0
mailiw;1.0
ïire;1.0
wicltersheiirlr;1.0
uaspail;1.0
duj;1.0
seaires;1.0
emont;1.0
adoptlon;1.0
soconde;1.0
conrill;1.0
lesvétérj;1.0
îaj;1.0
vôté;1.0
dalls;1.0
odnsécration;1.0
llneud;1.0
ernande;1.0
carron;9.0
elint;1.0
kersauson;7.0
lorois;16.0
barouille;7.0
îevi;1.0
mte;2.0
marquis;39.0
vali;1.0
iiias;1.0
nsari;1.0
luppé;7.0
com;4.0
upp;1.0
ron;3.0
champvallier;6.0
hailoan;1.0
vnl;1.0
plazant;1.0
sabouraud;6.0
onu;1.0
arzelle;1.0
fercrutitl;1.0
créie;1.0
seepataif;1.0
dédfoniiiliement;1.0
oibbre;1.0
ajorité;1.0
contte;1.0
proposent;2.0
déposé;5.0
concert;1.0
cour;10.0
courtes;1.0
retirant;1.0
renonce;2.0
faisons;1.0
obstruction;1.0
quelquefois;1.0
accusé;1.0
tort;1.0
permettrai;1.0
exprimer;1.0
proposer;2.0
admets;1.0
fort;1.0
entende;1.0
commissaire;2.0
prompte;1.0
introduit;1.0
procéder;4.0
freycinet;1.0
reconnais;1.0
réunie;2.0
délibère;1.0
minorité;1.0
connaissait;1.0
avisé;2.0
ferai;1.0
remarquer;2.0
renseigné;1.0
apportées;1.0
primitif;1.0
introduites;1.0
saisir;1.0
retiré;1.0
exception;2.0
sortie;1.0
séjour;1.0
assujetti;1.0
discipline;1.0
soumis;5.0
contractent;2.0
entrant;1.0
dater;2.0
aide-vétérinaire;2.0
réaliseraient;1.0
sexennal;1.0
déduction;1.0
écoulé;1.0
entrée;1.0
appli-;1.0
cables;1.0
navale;1.0
élèves-commissaires;1.0
marine;1.0
visé;2.0
précédent;2.0
astreints;2.0
totale;2.0
manquent;1.0
reconnues;1.0
légitime;3.0
passibles;1.0
punition;1.0
récidive;1.0
détail;1.0
violation;2.0
flagrante;1.0
lisez;5.0
trouvez;2.0
égal;7.0
vingt-cinq;5.0
vingt-neuf;4.0
démontrer;1.0
claire;2.0
suivont;1.0
relire;2.0
incorpores;1.0
intermédiaire;1.0
coup;1.0
époque;2.0
reprends;1.0
prenez;1.0
nomme;1.0
sursist;1.0
évident;1.0
il-aura;1.0
mettez;1.0
appelez;1.0
guyot-dessaigns;1.0
précise;1.0
davantage;1.0
convoqué;1.0
période;6.0
dureront;1.0
iours;1.0
dites;4.0
violez;1.0
vingtcinq;1.0
effectif;1.0
quarante-neuf;1.0
eik;1.0
partira;2.0
poursuis;1.0
démonstration;1.0
daih;1.0
v-lnj;1.0
f-çinq;1.0
éclate;4.0
nouveajvii;1.0
repartira;1.0
parlé;1.0
accordant;1.0
opinion;2.0
citerai;1.0
laisant;8.0
cite;3.0
écrit;1.0
nullement;1.0
atteint;2.0
disons;1.0
favorisé;1.0
arrivé;1.0
croissance;1.0
grandisse;1.0
vingttrois;1.0
préférerait;1.0
vingt-trois;1.0
vingt-six;1.0
continue;2.0
topique;1.0
réalité;2.0
ilanjuinais;1.0
payer;1.0
ajouterai;1.0
traitez;2.0
sévère;1.0
exempter;1.0
convenait;1.0
désiraient;1.0
libéral;2.0
avenir;2.0
entreprise;1.0
agricoles;1.0
éloquemment;1.0
obtinssent;1.0
permettraient;1.0
adressant;1.0
intéressants;1.0
refusez;1.0
voulons;2.0
veus;1.0
entendons;1.0
lourd;1.0
vouions;1.0
charge;4.0
supporterez;1.0
dure;1.0
incomberont;1.0
très-bien;1.0
nfusion;1.0
croit;2.0
repo;1.0
constatera;1.0
feriez;1.0
permet;2.0
sent;1.0
comniissio;1.0
réglementer;1.0
existait;2.0
vague;1.0
déterminer;1.0
guise;1.0
agissait-il;1.0
semaine;1.0
laissée;1.0
discrétionnaire;1.0
nll;1.0
établissant;1.0
règle;3.0
avoru;1.0
imposé;1.0
jeunegens;1.0
deleu;1.0
prolonge;1.0
excout;1.0
atteindre;1.0
basant;1.0
ccitains;1.0
militaires-;1.0
incorporationr;1.0
benazet;6.0
mobilisation;1.0
attendez;1.0
occupé;1.0
appele;1.0
marchent;2.0
antérieurement;1.0
ipso;1.0
facto;1.0
annulés;1.0
chacui;1.0
appellejour-là;1.0
nelle;1.0
excepta;1.0
agira;1.0
pfil;1.0
ser;2.0
commencera;1.0
incorporation;1.0
nette;1.0
jetn;1.0
risque;1.0
viugt-l;1.0
etl;1.0
viwxt-cinq;1.0
lbert;1.0
claro;1.0
déjeuner;2.0
ern;1.0
difi;1.0
érence;1.0
occupe;1.0
preserip;1.0
plk;1.0
arril;1.0
enle;1.0
absoluiden;1.0
relis;1.0
simplement;2.0
obiiua;1.0
appartienne;2.0
tire;1.0
sert;1.0
ltîi;1.0
suivent;3.0
clam;1.0
libéré;2.0
lib;1.0
définitivement;1.0
lhérée;1.0
commencé;1.0
ails;1.0
cité;1.0
arhcle;1.0
cripllons;1.0
sll;1.0
accompli;3.0
iate;1.0
disparaî;1.0
appartenait;1.0
partirait;1.0
fst;1.0
rempli;1.0
libération;1.0
rapporîeur;1.0
guyot-dessai;1.0
sydet;1.0
sis;1.0
simple;3.0
vmutii;1.0
itération;1.0
comnlsslon;1.0
précisément;2.0
établii;1.0
eunes;1.0
teru;1.0
montre;1.0
resultats;1.0
répondez;1.0
dejmnanrder;1.0
ost;1.0
cott;1.0
jeter;1.0
ollole;1.0
profond;1.0
annoncé;2.0
cete;1.0
naturel;1.0
aks;1.0
iument;1.0
conditiono;1.0
système;3.0
prends;1.0
lii;1.0
trt;1.0
ken;1.0
lési;1.0
lttua;1.0
appclés;1.0
varie;1.0
rrubert;1.0
enco;1.0
rente;1.0
aul;3.0
ltlgt-huit;1.0
irence;1.0
aperçois;1.0
preers;1.0
iteille;1.0
clpatjon;1.0
rrrubert;1.0
cla;1.0
lester;1.0
déclarâp;1.0
lot-cmq;1.0
jeun;1.0
bénéficié;1.0
anni;1.0
serve-;1.0
absoluirient;1.0
eurs;1.0
mauvak;1.0
mqus;1.0
mezell;1.0
propose;5.0
rétablir;1.0
différence;1.0
gaudin;12.0
villaine;5.0
quarante-cinq;1.0
contesté;1.0
devait;1.0
conférer;1.0
décider;2.0
gquche;1.0
soutenue;1.0
développée;1.0
acceptant;1.0
solution;3.0
appelant;1.0
comptez;1.0
respecté;1.0
paru;1.0
examine;1.0
possible;1.0
transformé;1.0
terves;7.0
vaujuas-langan;8.0
merlet;6.0
ferronnays;4.0
kermenguy;5.0
opèrent;1.0
considérés;1.0
lié;1.0
mer;2.0
marin;1.0
registre;1.0
matricule;1.0
brumaire;1.0
rayer;2.0
retirer;1.0
expédition;1.0
département;5.0
prescrit;2.0
déduit;1.0
boissy-d;7.0
anglas;7.0
consentement;1.0
lire;1.0
demandez;1.0
immédiate;2.0
pupublie;1.0
fcnsqiguçiïient;1.0
décompose;2.0
subvenir;1.0
accroissement;1.0
résulte;2.0
régulier;1.0
jeu;1.0
normal;1.0
institution;1.0
parer;1.0
diminution;2.0
déficit;3.0
rigoureuse;1.0
équitable;2.0
prélèvement;11.0
villdne;1.0
beauté;1.0
laïcisation;3.0
répondre;1.0
augmentation;4.0
justifiée;1.0
délicit;1.0
initial;2.0
oublié;1.0
solder;1.0
suhsistent;1.0
naturellement;1.0
conséquence;3.0
législation;3.0
addition;2.0
allocation;1.0
quinquennale;1.0
légal;1.0
indemnité;1.0
installation;2.0
ferons;1.0
passant;1.0
personnel;2.0
abroger;1.0
législative;1.0
résultent;1.0
série;1.0
existant;1.0
vierzoil;1.0
yoiron;1.0
armentières;1.0
suit;1.0
ciasses;1.0
laïcisées;1.0
total;1.0
insuffisance;1.0
lèvent;1.0
proposons;3.0
soulève;1.0
recourir;1.0
rigoureusement;1.0
revenu;1.0
étendre;1.0
régie;1.0
contestées;1.0
soulevé;1.0
établissait;1.0
ministérielle;2.0
appliquées;1.0
partiellement;1.0
plus-value;1.0
momentanément;1.0
hésitons;1.0
associer;1.0
assurément;1.0
opéré;1.0
illégitimes;1.0
prétendu;1.0
prétendent;1.0
intéressé;1.0
qurait;1.0
quelques-unes;1.0
résulté;1.0
extension;2.0
équitables;1.0
conformes;1.0
soyons;1.0
possibles;1.0
vis-tl-vis;1.0
trésor;2.0
revendication;1.0
estimons;2.0
indécision;1.0
produites;1.0
extrêmement;1.0
rigoureux;1.0
poursuivre;1.0
intégralité;1.0
partielle;1.0
saurions;1.0
votée;2.0
instance;1.0
veille;1.0
purement;1.0
complication;1.0
exonérer;1.0
conviendrait;1.0
aggraver;1.0
sentir;1.0
lourdement;1.0
dureté;1.0
abrogation;1.0
complète;1.0
transitoire;1.0
prévu;1.0
prochain;1.0
financière;2.0
consentir;1.0
remettrait;1.0
municipaux;1.0
reprendre;1.0
rigueur;1.0
excessive;1.0
autorise;1.0
normaux;1.0
ier;1.0
pubuque;1.0
alloués;1.0
cklpttrù;1.0
cliap;1.0
iinan;1.0
matériel;1.0
chap;2.0
natiom-;1.0
communale;1.0
professionnel;1.0
bourse;1.0
loyer;1.0
subvention;1.0
maternelle;1.0
enfantines;1.0
notamment;1.0
étô;1.0
régulièrement;1.0
créées;1.0
promulgation;1.0
sup;1.0
plémentaire;1.0
moyeu;1.0
source;1.0
vde;1.0
eru;1.0
viens;2.0
rapporter;2.0
vernement;1.0
cussion;1.0
baroa;1.0
payerez-vous;1.0
dmande;1.0
imrn-;1.0
diate;1.0
jpou;1.0
auj;1.0
venant;1.0
det;2.0
demmdc;1.0
considérai;1.0
disposé;1.0
amdloft;1.0
dathou;1.0
interrupteur;1.0
ùrohe;1.0
mini;1.0
hlli;1.0
personnellement;1.0
jse;1.0
mercredia;1.0
ganchc;1.0
neai;1.0
tpdc;1.0
nee;1.0
saire;1.0
cougréganiste;1.0
préoccuper;1.0
sllu;1.0
lion;3.0
départementaux;1.0
instiuctlon;1.0
convoqués;1.0
récemmpntr;1.0
départemental;1.0
cmri;1.0
consei;1.0
hcr;1.0
nommé;1.0
travail;1.0
ymt;1.0
linstruction;1.0
recherché;1.0
vait;1.0
nomle;1.0
maltrcs;1.0
modificat;1.0
nnc;1.0
importantes;2.0
imdo;1.0
ufi;1.0
abde;1.0
puhlûîrp;1.0
ipt;1.0
àvnî;1.0
rnaitresses;1.0
lalques;1.0
quatie;1.0
entendez-le;1.0
acz-vous;1.0
chno;1.0
éole;1.0
a-ir;1.0
semblable;2.0
exc;1.0
arnattons;1.0
assa-r;1.0
monstrueux;2.0
monsm;1.0
bou;1.0
épètr;1.0
len;1.0
comma;1.0
audry;2.0
gênez;1.0
lugé;1.0
utile;2.0
pareil;1.0
scandale;3.0
cessé;1.0
deinandés;1.0
plaident;1.0
ldb;1.0
mercredi;8.0
ilous;1.0
moî;1.0
soir;3.0
crv;1.0
rapporté;1.0
minist;1.0
pourà;1.0
ciïet;1.0
produire;1.0
rolte;1.0
sie;2.0
payrô;1.0
prendrez;1.0
mesh;1.0
responsabilité;1.0
drotte;1.0
goapayré;1.0
mlpsist;1.0
impuu;1.0
deve;1.0
noaupà;1.0
derlllr;1.0
tllva;1.0
surprise;6.0
naraie;1.0
hçiyiî;1.0
lanjumais;1.0
arquer;1.0
verjpr;1.0
llrô;1.0
tardivement;1.0
drdit;1.0
-pas;1.0
presser;1.0
etlll;1.0
responsabhit;1.0
rctard;1.0
retombe;1.0
vüst;1.0
dae;1.0
lalu;1.0
zane;1.0
pronotre;1.0
iulwy;1.0
uotpp;1.0
j-j;1.0
outerai;1.0
remarqiici-;1.0
t-il;1.0
nitq;1.0
abrenk;1.0
sukla;1.0
usage;1.0
ppoà;1.0
vof;1.0
improviste;1.0
relativement;1.0
provost;5.0
lauuay;1.0
plairait;1.0
demie;1.0
discuter;2.0
adresse;1.0
crainte;1.0
exprimées;1.0
pouvons;1.0
tète;2.0
prochaine;8.0
débat;3.0
certainement;1.0
long;1.0
remise;1.0
peytral;5.0
urgent;1.0
intervienne;1.0
rochefoucauld;7.0
duc;15.0
doudo;1.0
prouve;1.0
désordre;1.0
démarche;1.0
ctasson;1.0
marchons;1.0
désagréables;2.0
demandait;1.0
bâtir;1.0
salle;1.0
bal;1.0
palais;2.0
elysée;1.0
augmenter;1.0
pave;1.0
sous-officier;1.0
aifie;1.0
douanier;1.0
facteur;1.0
ruraux;1.0
cantonnier;1.0
véritable;1.0
prononcé;1.0
etmaynard;1.0
clays;1.0
eaudry;2.0
gaspiller;1.0
argent;1.0
contribuable;1.0
manquerions;1.0
venions;1.0
trimime;1.0
protester;1.0
debandes;1.0
dfieit;1.0
ques-;1.0
importante;1.0
discutions;1.0
absence;1.0
dobaudry;1.0
restitution;1.0
grave;1.0
soit-elle;1.0
affirme;1.0
demandez-vous;1.0
osez;1.0
consulté;1.0
unanime;1.0
minute;4.0
annulé;1.0
se-;1.0
cond;1.0
eizarelli;1.0
publication;2.0
présenterez;1.0
bulletin;1.0
conservés;1.0
martimprev;2.0
faisais;1.0
àla;1.0
probablement;1.0
retenu;1.0
tête;3.0
avion;1.0
entend-elle;1.0
demain;1.0
nropositions;1.0
cham;1.0
éloignée;1.0
seineinférieure;2.0
but;1.0
utilité;2.0
mérillon;4.0
tribunal;1.0
organisation;1.0
judiciaire;1.0
figure;1.0
réglé;1.0
gept;1.0
bouches-du-bhône;1.0
perçués;1.0
basses-alpes;1.0
ouverturo;1.0
renvoyé;1.0
navigables;1.0
amélioration;1.0
offre;1.0
sarlat;6.0
ploneour-lanvern;1.0
humengol;1.0
martinique;1.0
mornerouge;1.0
sideut;1.0
audessus;1.0
imprit;1.0
hemoiville;3.0
gadaud;6.0
alfred;9.0
joursl;1.0
levée;1.0
sténographia;1.0
emile;18.0
grosselin;1.0
tte;1.0
posé;1.0
pétition;1.0
agriculteur;1.0
producteur;1.0
ardennes;1.0
meuse;1.0
séa;1.0
nce;2.0
minjs;1.0
vexer;1.0
jià;1.0
cillement;1.0
aigle;7.0
aillières;3.0
drieux;2.0
ariste;5.0
arnault;4.0
arnous;5.0
audi;1.0
îred;1.0
baïbaut;1.0
barascud;6.0
tid;1.0
adrien;7.0
beaussieibenazet;1.0
benoist;5.0
berger;9.0
maine-ct-lolrj;1.0
bergerot;6.0
bernier;6.0
bigot;6.0
biliais;4.0
nacnon;1.0
bonneval;4.0
vicoini;1.0
fernand;16.0
boreau-lajanadie;6.0
borrigllon;1.0
boscher-delangle;5.0
boucau;7.0
albert;37.0
bollch;1.0
uourganel;1.0
bouvattieibresson;1.0
breteuil;6.0
brice;3.0
hené;1.0
briet;7.0
rainvillers;3.0
buvignier;5.0
calvet-hogmat;1.0
camcscasse;1.0
radec;1.0
casimir-perier;5.0
aube;6.0
mir-perier;1.0
aya;1.0
gnac;1.0
godcfroy;1.0
cazauviehh;1.0
cazeaux;5.0
zenove;1.0
pradine;6.0
chevillotte;6.0
chevreau;7.0
cliristophle;1.0
cibiel;6.0
clauzel;4.0
clercq;5.0
colhert-laplace;1.0
stans;1.0
cornuîier;1.0
ci-euzé;1.0
zet-fourneyron;1.0
dauti-esme;1.0
baynatid;1.0
dejardin-vcrkino;1.0
delalasse;1.0
dellisse;4.0
delmas;3.0
descaure;5.0
velle;1.0
dompierre;5.0
hornoy;5.0
viee-anur;1.0
dorian;4.0
bodan;5.0
dubost;7.0
àntonili;1.0
chesne;2.0
dufour;9.0
lot;7.0
dlllzl;1.0
indre;9.0
dugué;6.0
fauconnerie;5.0
puy;1.0
ctlarlcs;1.0
haute-loire;5.0
e-ç;1.0
vilain;1.0
durand-savoyat;6.0
durcau;1.0
uvaux;2.0
pyivior;1.0
estourmol;1.0
faure;15.0
lix;1.0
eine-inférieure;1.0
fauré;6.0
gors;1.0
aud;1.0
furrière;1.0
lucien;5.0
flouf;1.0
fouquet;5.0
freppel;4.0
gavn;1.0
viljle;1.0
dfe;1.0
toil;1.0
lad;1.0
gilbert;11.0
puy-de-dôme;5.0
galpin;7.0
gatnr;1.0
garnier;5.0
bodéléac;4.0
gasconi;5.0
din;1.0
gilh;1.0
ert;2.0
séguins;6.0
gérard;7.0
gévelot;6.0
inoux-l;1.0
ercrmon;1.0
godet;7.0
hlboullrle;1.0
granier;6.0
cassagnac;7.0
fanh;1.0
gplmaud;1.0
llaiicn;1.0
hermary;4.0
hillion;6.0
ijoudaille;1.0
hovir;1.0
loire;5.0
jolibois;2.0
jonglez;7.0
jourdan;6.0
louis;37.0
kelh;1.0
jumei;1.0
llfi;1.0
garou;1.0
fov;1.0
li;1.0
fle;1.0
labat;7.0
berge;6.0
laborde-noguez;6.0
bollrdonnaye;1.0
labustinière;1.0
lalande;5.0
marsière;1.0
lacretelle;9.0
laiande;1.0
vieoin;1.0
lamberterie;5.0
bai;1.0
nouë;5.0
itof;1.0
larère;4.0
largentaye;5.0
ochornnna;1.0
dolldeauville;1.0
larochehubert-;1.0
rochette;4.0
ernest;14.0
laroze;11.0
alivedit;1.0
roze;2.0
lascombes;5.0
laurencoin;1.0
ïoki;1.0
nca;1.0
cerf;6.0
lechevallier;5.0
lec;3.0
lefebvre;11.0
prey;6.0
vrr;1.0
ontah;1.0
gavrian;7.0
legge;6.0
giiso;1.0
uay-;1.0
lejeune;6.0
prince;7.0
auguste;6.0
launav;3.0
leroy;7.0
arthur;7.0
côte-d;6.0
lesonëf;1.0
levêque;4.0
nvet;1.0
lévis-mirepoix;4.0
emil;1.0
lomel;1.0
lombard;5.0
iaii;1.0
tias;1.0
maillé;7.0
marquiset;6.0
umprey;1.0
martin;23.0
auïay;1.0
aumài-ty;1.0
oise;6.0
feuillée;1.0
maunoury;5.0
ltvjn;1.0
iavnârri;1.0
mellot;3.0
mercier;7.0
mérilw;1.0
rlet;1.0
milliard;7.0
milochau;5.0
joseph;7.0
mouchy;6.0
mun;7.0
bcrt;1.0
murat;2.0
atbsrt;1.0
murât;5.0
niel;7.0
noblot;7.0
noël-parfait;6.0
dionys;5.0
uineo;1.0
ucléru;1.0
papon;5.0
partz;7.0
iuis;1.0
assy;1.0
frédéric;11.0
passy;12.0
liis;1.0
plerre-;1.0
pelisse;5.0
peyrusse;5.0
lar;1.0
vdo;1.0
pinault;5.0
piou;7.0
jacques;7.0
pia;1.0
poincaré;5.0
prax;1.0
litoilin;1.0
ci-don;1.0
rey;7.0
arisp;1.0
ricard;5.0
roche;13.0
chare;1.0
ue-;1.0
eure;6.0
rodât;6.0
rondeleux;4.0
rosasin;1.0
roure;3.0
rousi;1.0
rovdeloulav;1.0
royer;3.0
hcri;1.0
iarretier;1.0
-lucide;1.0
saint-prix;6.0
saisy;7.0
sans-leroy;5.0
sarrette;3.0
edouard;12.0
saitcttc;1.0
sentenac;6.0
serph;6.0
gusman;6.0
sovaistre;1.0
land;2.0
sonnier;7.0
soubevc;1.0
jwnk;1.0
aron;1.0
dij;1.0
soucaze;4.0
spuller;4.0
steeg;2.0
comt-;1.0
tailhandier;1.0
bûrt;1.0
ponchcville;1.0
trouard-riolle;2.0
trurt-;1.0
pbe;1.0
îfaure;1.0
viellard;5.0
armand;7.0
vadr;1.0
-to;1.0
richard;17.0
waldeck-rousseau;2.0
rad;1.0
oxt;1.0
contpf;1.0
alljarnor;1.0
nièvre;11.0
pisrre;1.0
bla;1.0
illay;1.0
rover;3.0
bovsset;2.0
brousse;6.0
ilni;1.0
rngoiues;1.0
ciarrc;1.0
anson;1.0
chantagrel;6.0
cluseret;5.0
favrii;1.0
corneau;4.0
crcmioux;1.0
ellestable-;1.0
donian;1.0
doujii;1.0
hss;1.0
int;1.0
ducouclray;1.0
duguyot;6.0
perrôul;1.0
franconie;6.0
fréut;1.0
yoci;1.0
numa;4.0
goirand;6.0
guillemaut;4.0
ol-;1.0
gusta;1.0
hûrvieu;1.0
eric;1.0
uguys;1.0
clovis;5.0
humbert;4.0
jacquemart;6.0
joulîrault;1.0
jouvencel;4.0
jullien;5.0
labordèrc;1.0
henri;22.0
loiret;7.0
lamazière;4.0
daniel;5.0
laporte;5.0
lasbavsses;1.0
lasserre;6.0
laur;7.0
laville;6.0
seine-et-marne;10.0
legludic;6.0
leporché;7.0
lesage;5.0
lesguillier;4.0
magiüen;1.0
maurice-faure;5.0
drôme;9.0
michelin;6.0
montaut;7.0
mortillet;6.0
pesson;6.0
planteau;6.0
pressât;6.0
préveraud;5.0
prudon;6.0
pyat;6.0
rabier;6.0
ranson;5.0
var;7.0
deux-sevres;1.0
rigaud;1.0
rivière;5.0
roret;3.0
saint-martin;15.0
vaucluse;7.0
simonnet;4.0
simyan;4.0
steenackers;6.0
tassin;4.0
théron;4.0
theulier;5.0
thiessé;3.0
turigny;4.0
vacher;6.0
vergoin;5.0
viger;6.0
vilar;5.0
vitry;6.0
ickersheimer;1.0
abeille;6.0
allain-targê;1.0
amagat;6.0
arène;5.0
emmanuel;6.0
augère;6.0
ballue;4.0
baltet;4.0
beau;8.0
indre-et-loire;6.0
bizarelli;4.0
blandin;7.0
boulanger;7.0
bourlier;5.0
bourneville;6.0
bousquet;7.0
brugère;4.0
aurélien;7.0
brugnot;4.0
brunier;6.0
burdeau;7.0
calès;2.0
calvinhac;7.0
ceccaldi;4.0
chamberland;4.0
chédié;1.0
chevillon;5.0
clémenceau;3.0
cochery;6.0
cordier;5.0
cousset;4.0
deandreis;5.0
delattre;2.0
deluns-montaud;5.0
deproge;5.0
ducher;5.0
claude;5.0
ducroz;7.0
duval;5.0
césar;6.0
etienne;7.0
ferry;11.0
floquet;7.0
folliet;4.0
fonbelle;3.0
forest;6.0
gagneur;5.0
gaillard;19.0
gastellier;7.0
gaussorgues;2.0
giguet;6.0
gobron;7.0
granet;6.0
guillaumou;4.0
guillot;5.0
guyot;6.0
iléral;2.0
hérédia;6.0
horleur;1.0
ilurard;1.0
jametol;1.0
jaurès;6.0
joigneaux;7.0
joubert;5.0
koechlin;3.0
batut;4.0
laffon;3.0
yonne;7.0
lagrange;6.0
laguerre;7.0
lanessan;6.0
porto;1.0
deux-sèvres;12.0
lavcrgne;1.0
lecomte;6.0
maxime;7.0
legrand;7.0
pierre;14.0
ilérissé;1.0
letellier;6.0
levrev;2.0
leydct;1.0
lockroy;5.0
lyonnais;5.0
madier;6.0
montjau;6.0
mahy;5.0
marmonier;5.0
ménard-dorian;4.0
mennesson;5.0
mondenard;5.0
munier;6.0
pelletan;6.0
pernolet;5.0
philipon;3.0
pichon;5.0
pochon;5.0
pons;1.0
tande;1.0
poupin;6.0
pradon;6.0
alphonse;5.0
prévet;5.0
hazimbaurl;1.0
révillon;3.0
reybert;3.0
roque;5.0
fillol;4.0
saint-ferréol;5.0
saint-romme;4.0
sandrique;5.0
sourigues;4.0
susini;7.0
tllévenet;1.0
thomeon;1.0
tondu;6.0
treille;6.0
aicide;1.0
trystram;3.0
turquet;5.0
vcrnhes;1.0
vernierc;1.0
vietto;1.0
villeneuve;6.0
wilson;4.0
retenus;7.0
chavoix;6.0
fcrnand;1.0
gironde;7.0
gerville-réache;3.0
maret;5.0
henry;7.0
monis;7.0
tie;1.0
szirrien;1.0
savoiu;1.0
sabntier;1.0
sarrien;4.0
absent;7.0
blin;6.0
bourdon;6.0
bourrillon;4.0
brisson;5.0
chatenav;1.0
cornudet;4.0
derevoge;5.0
thomas-;6.0
desloges;7.0
douvilie-mailleleu;1.0
lefèvre;5.0
scino;1.0
çadaud;1.0
lareinty;5.0
mosnildot;1.0
miche;2.0
poalevoy;1.0
frogier;5.0
proa;1.0
rauline;3.0
rcmoiville;1.0
drôine;1.0
sainl-martin;1.0
annoncés;7.0
desvotants;1.0
rectifiés;4.0
cidessus;4.0
allain-targé;6.0
astima;5.0
audilfred;1.0
augére;1.0
aujame;6.0
baïhaut;4.0
barrière;6.0
basly;4.0
bastid;6.0
beauquier;3.0
binachon;6.0
blatin;4.0
borie;5.0
borriglione;5.0
alhert;1.0
boullay;5.0
bourganei;1.0
boyer;4.0
brico;2.0
brugeilles;2.0
calés;5.0
carret;4.0
casimir;4.0
perier;3.0
cavaignac;4.0
godefroy;6.0
cazauviewl;1.0
coccaldi;1.0
cernesson;4.0
chanson;4.0
chépi;1.0
chollet;4.0
christophle;5.0
colbert-laplace;4.0
compavré;1.0
coustans;1.0
cornulier;4.0
crozet-fourneyron;2.0
daumas;3.0
dautresme;6.0
dejardinverkinder;1.0
deniau;2.0
develle;4.0
lfoumer;1.0
antonin;11.0
duchasseint;6.0
dupuy;10.0
haubloire;1.0
dureau;5.0
vaulcomte;3.0
duvaux;5.0
duvivier;6.0
fagot;5.0
fallières;4.0
farcy;4.0
seinûinférieure;1.0
marnek;1.0
forrière;1.0
férroul;1.0
follict;1.0
fonbellc;1.0
fou;1.0
quet;1.0
frébault;5.0
puy-dedôme;1.0
gaston;6.0
galtier;5.0
ganault;5.0
gaussorgue;1.0
gerviiiehéache;1.0
gilly;4.0
niboullerie;1.0
gllillaumou;1.0
guilllemaut;1.0
hanotaux;4.0
héral;4.0
soudaine;1.0
ilovius;1.0
huhbard;1.0
hugues;5.0
ril;1.0
hurard;7.0
imbert;4.0
lemil;1.0
jametel;4.0
javal;5.0
jumel;4.0
labussière;4.0
lasbayssos;1.0
lavergne;6.0
lofçbvro;1.0
léglise;5.0
guay;4.0
hérissé;4.0
lepoutre;6.0
artnur;1.0
cote-d;1.0
lesguiliier;1.0
lesouôf;1.0
levet;4.0
magnien;6.0
martiu-feuillée;1.0
honri;1.0
mellct;1.0
iiilerand;1.0
nadaud;5.0
obissier;5.0
paillard-ducléré;2.0
pojot;1.0
pornolet;1.0
pierrealypo;1.0
peincaré;1.0
prax-paris;5.0
proust;4.0
ilamon;1.0
raynal;4.0
hécipon;4.0
réviilon;1.0
aristide;5.0
rigaut;5.0
rumillet-charretier;2.0
sabatier;6.0
saintromme;1.0
scvaistrc;1.0
simvan;1.0
stèeg;1.0
teulier;1.0
thévenet;6.0
thicssé;1.0
thomson;5.0
alcide;6.0
trouardriolle;2.0
trubort;1.0
trystnill;1.0
vernhes;5.0
crslgny;1.0
vignancom;1.0
viox;4.0
waddington;4.0
svaldeck-rous;1.0
eau;2.0
ïves-guvot;1.0
yott;1.0
ducoudray;5.0
ilorteur;2.0
marty;4.0
ailler;1.0
ilivière;1.0
turrel;6.0
adolphe;5.0
ailiières;2.0
balluo;1.0
beaussier;6.0
maine-et-loire;5.0
bonnoval;1.0
doscher-delangle;1.0
boucher;5.0
bouvattier;4.0
rainivillers;1.0
llrugnot;1.0
calvet-rogniat;5.0
camescasse;3.0
caradec;6.0
gazenove;1.0
cllaronnat;1.0
chevillolte;1.0
glereq;1.0
colfavru;2.0
créuzé;1.0
davnaud;1.0
delafosse;3.0
dclrnas;1.0
vice-amiral;1.0
rodan;1.0
duchesne;4.0
eschasseriaux;2.0
estourmel;5.0
fairé;6.0
gers;6.0
féraud;6.0
flourens;6.0
fougeirol;6.0
frepej;1.0
fresciieville;1.0
viilaine;2.0
gellibert;5.0
giilet;1.0
ginoux-del;1.0
ormon;1.0
ren;1.0
grimaud;6.0
harispe;6.0
iicrvieu;1.0
joliboig;1.0
joufîrauit;1.0
juigné;6.0
keller;4.0
kergariou;4.0
kermenguv;1.0
koechiin;2.0
atired;1.0
bassetière;3.0
bourdounave;1.0
lncretelle;1.0
ferronnavs;1.0
aliéné;1.0
martinière;4.0
la-;2.0
marzclle;1.0
larere;1.0
doudeauville;5.0
laroche-joubert;4.0
laurençon;6.0
leblanc;6.0
lecointre;6.0
launay;3.0
roux;4.0
levert;4.0
lévismirepoix;1.0
lhomel;6.0
morbihan;5.0
mackau;6.0
martimprey;3.0
auray;4.0
montoty;1.0
joachim;5.0
ornano;5.0
cuneo;5.0
pons-tande;3.0
pouplil;1.0
razimbaud;4.0
heybert;1.0
charente-inférieure;3.0
itosainel;1.0
rotours;5.0
roussin;4.0
loulay;4.0
saint-luc;6.0
sarreite;2.0
soubeyran;5.0
suquct;1.0
taillefer;1.0
tailliandier;4.0
torves;2.0
theliier;1.0
poncheville;5.0
valon;5.0
vielfaure;4.0
viette;4.0
witt;5.0
conrad;6.0
andrieux;4.0
fernrmd;1.0
leygues;3.0
ribot;4.0
rouvier;4.0
sarricn;1.0
douhs;1.0
llonrrillon;1.0
cha-;1.0
tenav;1.0
gornudet;1.0
dorevoge;1.0
douville-maiuefeu;1.0
duchâtel;2.0
larelnty;1.0
mesnildot;3.0
ponlevoy;4.0
proal;4.0
sahouraud;2.0
avalent;1.0
maij;1.0
nombras;1.0
ci-dossus;1.0
tiu;1.0
varmi;1.0
yotants;1.0
majesté;1.0
pourradoplion;1.0
arnauît;1.0
bafquille;1.0
benoiswde;1.0
vendes;1.0
haiuvillers;1.0
seine-inférienre;1.0
ifa;1.0
zeaux;1.0
cazenovede;1.0
champyaitc;1.0
léoil;1.0
ctercq;1.0
olbertlaplace;1.0
cornulior;1.0
euzé;1.0
daynaud;3.0
dejardin-verkinder;1.0
dolafosse;1.0
cllisse;1.0
amiral;1.0
dlr;1.0
duto;1.0
fauconnerw;1.0
rand;1.0
ille-et-viiaiue;1.0
ferrière;4.0
cien;2.0
fouqnet;1.0
lénéril;1.0
hodéléac;1.0
gér;1.0
gervilie-héache;1.0
ginoux-i;1.0
fermon;1.0
riboullefl;1.0
graiiier;1.0
liermary;1.0
bovin;1.0
relier;1.0
ker;1.0
menguy;1.0
çoni;1.0
basctière;1.0
bourdonnati;1.0
nière;1.0
chette;1.0
vallier;1.0
èvre-pontalis;1.0
augu-;1.0
palu;1.0
hoy;1.0
mirepoix;2.0
lom;1.0
loroision;1.0
comtedc;1.0
timpray;1.0
leon;1.0
ari;1.0
monièty;1.0
coj;1.0
oie;1.0
fré;2.0
pasy;1.0
russe;1.0
ilibol;1.0
dat;1.0
rosamel;4.0
llotoars;1.0
baroll;1.0
oueê;1.0
taiilefer;1.0
comto;1.0
thftllier;1.0
llv;1.0
aheille;1.0
fred;1.0
bathant;1.0
ballet;2.0
ct-;1.0
basîy;1.0
quier;1.0
irdre-et-lolr;1.0
reli;1.0
ger;3.0
biatin;1.0
boissv;1.0
glas;2.0
gônôfal;1.0
bourganel;3.0
gaois;1.0
boyej;1.0
neville;1.0
boyior-lapierre;1.0
boysset;5.0
brelav;2.0
brialou-;1.0
brol;1.0
rli;1.0
gnot;1.0
carre;1.0
pericr;1.0
auhe;1.0
gerin;1.0
vaignac;1.0
gavaiié;1.0
cazauvieiin-;1.0
caldi;1.0
ghamberland;1.0
gié;1.0
chépié;4.0
chevaudier;1.0
chollot;1.0
glauzei-;1.0
meuceau;1.0
gluseret;1.0
gochery;1.0
çoroci;1.0
vru;1.0
gompayré;1.0
constans;3.0
corcher;1.0
coi;1.0
deandrcj;1.0
ttre;1.0
delmrs;1.0
deluns-montau;1.0
riiau;1.0
desinons;1.0
jchêr;1.0
camilie;1.0
ducjudray;1.0
dllguyot;1.0
duue;1.0
duuîreftai;1.0
dje;1.0
yaulcomte;2.0
cé-;1.0
tni;1.0
farcv;2.0
feriland;1.0
fauro;1.0
hirr;1.0
plarne;1.0
ferroul;5.0
ferrv;3.0
jlesj;1.0
fillict;1.0
foiige;1.0
gjleur;1.0
galr-;1.0
e-bome;1.0
yaucluse;2.0
lier;1.0
tier;1.0
gascon;1.0
lussorgues;1.0
gilbort;1.0
giiiv;1.0
luna;1.0
goiralid;1.0
not;1.0
guillau;1.0
niaut;1.0
guvot;1.0
guyot-dcssaigne;1.0
tellanotaux;1.0
i-iéral;1.0
ilervieu;1.0
houdaiile;1.0
taye;1.0
iumbert;1.0
inbërl;1.0
acjquemart;1.0
jamefrâlt;1.0
jay;1.0
joube-rt;1.0
nuffrâuit;1.0
ts-;2.0
joufjtillîq-;1.0
jouycnce;1.0
jumû;1.0
datut;1.0
lahordère;1.0
rousse;1.0
lacôt;1.0
lacpptpiin;1.0
onri;1.0
siv;1.0
ana;1.0
lavre;1.0
danlcl;1.0
gnessàn;1.0
lnpol;1.0
xiè;1.0
colnb;1.0
laftcoinhn;1.0
jyd;1.0
stiinec;1.0
tudie;1.0
léglisè;1.0
uillf;1.0
leskuii;1.0
lcsoaëf;1.0
levrey;5.0
ley;1.0
àef;1.0
leyg;1.0
jcs;1.0
lockrov;3.0
lorauchet;2.0
loustaloi;1.0
lousm;1.0
miais;1.0
mailla;1.0
lét;1.0
luaret;1.0
alarme;1.0
nier;1.0
iepi;1.0
martin-feuïllée;1.0
alk;1.0
maumenn;1.0
ure;1.0
ménarcî-dorian;1.0
imenn;1.0
vîérillon;1.0
ercier;1.0
rhion;1.0
mcs;1.0
hoq;1.0
illj;1.0
miliiis;1.0
-mondenard;1.0
selne-et-;1.0
iarne;1.0
mcrtwet;1.0
uniev;1.0
aut;1.0
ald;1.0
lîlef;1.0
papou;2.0
pellètà;1.0
periu;1.0
aoinf;1.0
pitllo;1.0
elsoii;1.0
philippon;1.0
ilcrre-alype;1.0
plantsau;1.0
poinphon;1.0
ons-ïahdo;1.0
antü;1.0
essat;1.0
prévoraud;1.0
prévôt;1.0
pfud;1.0
bier;1.0
nand;1.0
rauson;1.0
benja;1.0
lri;1.0
itayr;1.0
fiazimuw;1.0
révillo;1.0
riî;1.0
lyfct;1.0
blire;1.0
lstave;1.0
rondeieux;1.0
buret;1.0
er-;1.0
koyer;1.0
vauseitc-iiac;1.0
sieo;1.0
voij;1.0
ans-leroy;1.0
sarrieri;1.0
siegoriq;1.0
san;1.0
llaonnet-;1.0
simy;1.0
sîeeg;1.0
eeîi;1.0
assi;1.0
suqnet;1.0
ssin;1.0
heron;1.0
tliiossé;1.0
ii-;1.0
ntlu;1.0
ouai;1.0
l-rioiie;1.0
chp;1.0
èrgoin;1.0
yerni-îre;1.0
ver-;1.0
lrii-;1.0
ire-;1.0
yiette;2.0
vignancour;5.0
xvadsu;1.0
vard;1.0
viox-;2.0
ves-gu-;1.0
wicker;1.0
heime;1.0
nons;1.0
wice;1.0
iass;1.0
ppo;1.0
gtllou;1.0
quis;1.0
erj;1.0
estourruel;1.0
jins;1.0
gillst;1.0
tde;1.0
dgi;1.0
lafton;1.0
êqne;1.0
oehe-janjjer;1.0
laurûnçon;1.0
sôfpéline-;1.0
méziêre;1.0
lclineo;1.0
hllrepqn;1.0
cîiarente-infé;1.0
fiiiois;1.0
loulav;2.0
relte;1.0
sommer;1.0
spuusr;1.0
sal;1.0
rette;1.0
spulisr;1.0
nvaldeck-rousseau;1.0
phb;1.0
lalamle;1.0
rail;1.0
lioubs;1.0
lîlin;1.0
vicoiiite;1.0
bourriilon;1.0
rrissoa;1.0
cliatonuy;1.0
douviile-mailiel;1.0
ducualel;1.0
gudaad;1.0
laietnty;1.0
mesuildot;1.0
onlevov;1.0
itanline;1.0
roinoiville;1.0
drôuie;1.0
hiotteau;1.0
indra;1.0
tiuers;1.0
tureune;1.0
joritô;2.0
rectiliés;1.0
liito;1.0
vamande;1.0
mml;1.0
lefèvre-ponlalis;1.0
vartnïv;1.0
tats;1.0
poi;2.0
cüutl;1.0
our;2.0
arcûe;1.0
arisie;1.0
aruault;1.0
dcnazet;1.0
biiiais;2.0
val;2.0
fernaud;1.0
liourgeois;1.0
bouvatier;1.0
rainviliers;1.0
ntir-;1.0
prr;1.0
cazeuove;1.0
chevaiier;1.0
cointo;2.0
gommier;1.0
creuzê;1.0
dayliand;1.0
jardin;1.0
-vorkindcr;1.0
deîafosse;1.0
deiîisse;1.0
descauie;1.0
doinpierre;1.0
ilornoy;1.0
viceamiral;3.0
odan;1.0
duchesno;1.0
four;1.0
lildl;1.0
kschasseiiasix;1.0
estonrmel;1.0
faurô;1.0
lucicn;1.0
krcppel;1.0
frescheviile;1.0
g-ariiier;1.0
bodiléao;1.0
ginoux-deî;1.0
erinon;1.0
rihoujierie;1.0
hermiry;1.0
hovius;3.0
jolibôis;1.0
alfroj;1.0
bassetiôre;1.0
bourdonnaye;4.0
mariiniere;1.0
lamarz;1.0
ilo;1.0
lainherlerie;1.0
lanjuiuais;1.0
noue;1.0
rere;1.0
larocrie-joubert;1.0
hûcbette;1.0
provostde;2.0
houx;2.0
montèty;1.0
monchy;1.0
comio;1.0
rat;1.0
joaclijm;1.0
nie;1.0
eare;1.0
paulmicr;1.0
georse;1.0
charente-infériaure;1.0
serpli;1.0
solaud;1.0
soiicaze;1.0
taillerer;2.0
tailliaudier;1.0
thellier;4.0
ponohevillo;1.0
villon;1.0
ersigny;1.0
vieîlard;1.0
waldeck-rousseiiu;1.0
ria;1.0
andiffred;1.0
baihaut;1.0
bailue;1.0
rbe;1.0
beanquier;1.0
dizarelli;1.0
iïoi;1.0
syd;1.0
iiorie;1.0
borrilione;1.0
llourlier;1.0
brugeillos;1.0
bruguot;1.0
druniel;1.0
buyignier;1.0
cîtnescasse;1.0
casae;1.0
cazlu;1.0
vieilh;1.0
cccealdi;1.0
chainberland;1.0
charonuat;1.0
chûllet;1.0
clemenceau;2.0
colravru;1.0
dautnas;1.0
-lattre;1.0
dellestablo;1.0
desmr;1.0
bethou;1.0
doriân;1.0
doumer;4.0
cmme;1.0
fallieres;1.0
saineinférieure;1.0
fonhelle;1.0
g-gneur;1.0
gilhert;1.0
gauller;1.0
aussorgues;1.0
giîiy;1.0
numi;1.0
riné;1.0
rar;1.0
mule;1.0
guilleuiaut;1.0
guiilot;1.0
loùisl;1.0
paulj;1.0
liauotaux;1.0
iiervieu;1.0
lloudaille;1.0
ilugues;1.0
ciovis;1.0
iluuibert;1.0
juuffrauli;1.0
jourdau;1.0
jouvancel;1.0
jinnel;1.0
bergs;1.0
alhcrt;1.0
lah;1.0
gjfi;1.0
laorousse;1.0
labiissière;1.0
lacôto;1.0
lreretelle;1.0
llenri;1.0
lacrf;1.0
igistnond;1.0
ana-;1.0
tole;2.0
lamazièrè;1.0
niè;1.0
vre;1.0
seineet-marne;2.0
martin-feuillée;3.0
mauricefaure;1.0
mellol;2.0
pierre-alype;3.0
pous-tande;1.0
deux-si;1.0
vres;1.0
rouie;1.0
rumilletcharretier;1.0
spulier;1.0
stceg;1.0
tliéron;1.0
trouardhiolle;1.0
try;2.0
stram;2.0
turiguy;1.0
consîans;1.0
latron;1.0
lesouëf;3.0
wuson;1.0
aile;1.0
douville-maillefeu;4.0
dll;1.0
ponlevov;1.0
hauliue;1.0
llemoiville;1.0
drôrrh;1.0
sabouralld;1.0
turenue;1.0
séanco;1.0
nombrfde;1.0
contro;1.0
sil;1.0
varticle;1.0
aiilières;1.0
baudry-d;1.0
cazenove;2.0
charnpvallier;1.0
chèvandier;1.0
chevilion;1.0
crouzé;1.0
dejardin;1.0
verkinder;1.0
perrière;1.0
garnier-bodéléac;1.0
ginoux;1.0
defermon;1.0
riboullerie;1.0
iiovius;1.0
keiier;1.0
kergarlou;1.0
vicomle;1.0
lacreteile;1.0
ferroîinays;1.0
largentayo;1.0
larochejoubert;1.0
ilochette;1.0
leyert;1.0
lévis;1.0
aurav;1.0
mavnard;2.0
pauhnier;1.0
povrusse;1.0
plazanct;1.0
gnsman;1.0
soubeyraa;1.0
tailleler;1.0
waldeck-rousgeau;1.0
audiftrod;1.0
natté;1.0
jaquier;1.0
nlza;1.0
rll;1.0
bourganebourgeois;1.0
marij;1.0
brc;1.0
llrialou;1.0
brugeiiles;1.0
bru;1.0
vignier;1.0
catnesc;1.0
cai;1.0
cazauvieilh;2.0
cernessou;1.0
chaiudlea-;1.0
vanne;1.0
clatizel;1.0
geor;1.0
pnlcolfavru;1.0
neau;1.0
crozet-fourfl;1.0
dcllttre;1.0
niau;2.0
ûllo;1.0
çaroj;1.0
ciau;1.0
dupny;1.0
durandd-;1.0
voyat;1.0
vau;1.0
dutailly-;1.0
faurc;1.0
sei;1.0
aioriferry;1.0
follic;1.0
vîjaoï;1.0
vauci;1.0
uet;1.0
sorgues;2.0
iüt;1.0
guyotsaigne;1.0
a-icsonhervieu;1.0
houdaille;2.0
ilubbar;1.0
tave;1.0
iinbert;1.0
loir;1.0
acquier;1.0
ernile;1.0
vcjrat-metel;1.0
joigneanx;1.0
lli;1.0
jouffrault;2.0
jouvencei;1.0
uaf;1.0
lullien;1.0
hatut;1.0
hoidlre;1.0
lacotf-;1.0
cretelle;1.0
nièvr;1.0
alfrea;1.0
ùillt;1.0
dernard;1.0
zltl;1.0
ceiii;1.0
die;1.0
cùte-d;1.0
levô;1.0
vet;2.0
rou;1.0
talot;1.0
marfet;1.0
jjaii;1.0
noury;1.0
nard-dorian;2.0
meunesson;1.0
arilk;1.0
michpu;1.0
lerand;2.0
noël-p;1.0
paiijard-ducléré;1.0
périmer;1.0
peytraj;1.0
s-taride;1.0
potil;1.0
pons-tariae;1.0
pradpro;1.0
phonse;1.0
préveralld;1.0
prevet-;1.0
pro;1.0
hippolv;1.0
pyah;1.0
nen;1.0
revbert;1.0
rlc;1.0
chard;1.0
rigill;1.0
tifl;1.0
hondelüux;1.0
roretrouvier;1.0
bumillet-charretier;1.0
saint-m-;1.0
iii;1.0
cluse;1.0
saint-rommc;1.0
sans-lerov;1.0
sarriell;1.0
sentena;1.0
splj;1.0
tjried;1.0
sirnqilnct;1.0
slroyan;1.0
sourire;1.0
leeg;1.0
taco-;1.0
héron;1.0
thmr;1.0
trouardhioiio;1.0
rarn;1.0
tul;1.0
ignv;1.0
turqllct;1.0
llc;1.0
vorgoin;1.0
vcrnhc;1.0
yer;1.0
faurc-;1.0
ùouard;1.0
yitry;2.0
wiclwrsllcimer;1.0
ncs-guyot;1.0
llld;1.0
ïî-f;1.0
eorges;1.0
esc;1.0
nasseriaux;1.0
oliboh;1.0
tiaudln;1.0
ois;1.0
alpine;1.0
mballd;1.0
charente-infé;1.0
louisj;1.0
vii;1.0
sarrche;1.0
eneuyo;1.0
thon;1.0
lgc;1.0
vic-oinv;1.0
ownilon;1.0
chateiihv;1.0
coraudet;1.0
de-doges;1.0
kltel;1.0
lefèvro;1.0
-ine;1.0
mrsuil;1.0
mkhe;1.0
frogierde;1.0
pro-il;1.0
vniii;1.0
reiiard;1.0
rlottcau;1.0
inrai;1.0
thier;2.0
turenno;1.0
nombes;1.0
nornbre;1.0
itô;1.0
aj-j;1.0
eeuné;1.0
aprè-;1.0
ceh;1.0
onforniément;1.0
ci-;1.0
syjl;1.0
efi;1.0
boitryeois;1.0
lut;1.0
redes;1.0
ajor;1.0
oiip;1.0
adodtion;1.0
nwl;1.0
cnî;1.0
folr;1.0
aillic-re;1.0
ama;1.0
mïnanuei;1.0
arnauit;1.0
noisi;1.0
îoi-;1.0
maine;1.0
et-loir;1.0
tvlf;1.0
uiliai;1.0
vjl;1.0
bureau-la;1.0
janadie;1.0
ikkii;1.0
vendee;1.0
liice;1.0
ronj;1.0
yicomt;1.0
izfilov;1.0
u-i-v;1.0
crhevalier;1.0
rtl;1.0
phh;1.0
colde;1.0
crour;1.0
bglllsf;1.0
di-lardin;1.0
iider;1.0
delatosse;1.0
ussoi;1.0
scaure;1.0
domnierre;1.0
iifour;1.0
indr-;1.0
duou;1.0
uconneri;1.0
eschasserlaux;1.0
haron;1.0
freacheville;1.0
vclot;1.0
ginoux-defermon;2.0
lahihoullerio;1.0
llormarv;1.0
liorteur;1.0
iolibois;1.0
kergàriou;1.0
kermensuy;1.0
koechîin;1.0
laborde;1.0
noguez;1.0
ferrounays;1.0
lart;1.0
doudea;1.0
uville;1.0
lofebvre;1.0
lefèvre-pon-talis;1.0
lejeuno;1.0
aunay;1.0
martiinprev;1.0
oiso;1.0
meriet;1.0
prax-parls;1.0
rosainel;1.0
taiiliandier;1.0
viellam;1.0
votk;1.0
astiitia;1.0
audiffred;1.0
baiiue;1.0
bauct;1.0
baslv;1.0
bercer;1.0
bernicr;1.0
hlatin;1.0
houllay;1.0
bomganol;1.0
uourlier;1.0
boycr;1.0
brugenles;1.0
brugëre;1.0
can-et;1.0
casiniir-perier;1.0
gernisiu;1.0
-aignac;1.0
ayali;1.0
cerne;1.0
chhn;1.0
-ou;1.0
chantagrel-;1.0
cnavanne;1.0
chépie;1.0
chevillou;1.0
clause;1.0
ciémenceau;1.0
uuzeret;1.0
coltavru;1.0
compayri;1.0
constnns;1.0
corn;1.0
crttni;1.0
crozet-kourncyron;1.0
llilihls;1.0
llllb;1.0
delatiro;1.0
delma;1.0
dduns-montaud;1.0
bsniau;1.0
deprogo;1.0
deveiie;1.0
doiiâo;1.0
prévins;1.0
dueiier;1.0
hante-loire;1.0
dutaiily;1.0
faillières;1.0
ui-c;1.0
cilleinférieurel;1.0
faura;1.0
ilard;1.0
isare;1.0
vauclu;1.0
gau;1.0
gerville-reache;1.0
giliet;1.0
rcné;1.0
gnillaumou;1.0
guvot-dessaigne;1.0
hervieu;2.0
iloudaille;1.0
ilubbard;2.0
joubertjouffrault;1.0
labatut;1.0
ltscombes;1.0
vil;1.0
lcbebvre;1.0
monljau;1.0
lïenri;1.0
martm-feuillée;1.0
martv;1.0
matlié;1.0
mondonard;1.0
diouys;1.0
paillard-;1.0
ducléré;2.0
peylral;1.0
philipoa;1.0
alvpe;1.0
ueybert;1.0
hondeleux;1.0
horct;1.0
rumillet-charrelier;1.0
ferréol;2.0
vauclusc;1.0
soul;1.0
igue;1.0
yassin;1.0
thje-;1.0
yernière;1.0
yersigny;1.0
yiger;1.0
yiox;1.0
ille-et-;1.0
laine;1.0
georgerv;1.0
iule;1.0
laross;1.0
méziéree;1.0
iséviilon;1.0
itkiivi;1.0
iir;1.0
rillor;1.0
wiison;1.0
fas;1.0
votë;1.0
cgrr;1.0
andneux;1.0
lillande;1.0
hiljut;1.0
sim;1.0
comtg;1.0
brisr;1.0
cqrnudet;1.0
revoge;1.0
thomw-;1.0
nel;1.0
uemoiville;1.0
til;1.0
casimir-pener;1.0
pradlne;1.0
creuzé;1.0
dejardin-yerkinder;1.0
iiornoy;1.0
illeet-vilaine;1.0
ganaud;1.0
iuboullerie;1.0
krsaugon;1.0
koecnlin;1.0
basse;1.0
tière;1.0
ferronnstys;1.0
lainberterle;1.0
largentave;1.0
lecl;1.0
evallier;1.0
evert;1.0
morhihan;1.0
luppô;1.0
rointe;1.0
pinauit;1.0
oolonel;1.0
récipon;1.0
houssin;1.0
soticase;1.0
taillecer;1.0
audiured;1.0
brugei-;1.0
brugére;1.0
gllaronnat;1.0
cheyandicr;1.0
payré;1.0
coraier;1.0
crozet-fournevron;1.0
delattredellestable;1.0
deimas;1.0
frànconie;1.0
gerville-héache;1.0
nurna;1.0
labussi;1.0
laportc;1.0
guav;1.0
herbsé;1.0
lorov;1.0
levage;1.0
le-guillier;1.0
letèliicr;1.0
levôquo;1.0
lombaru;1.0
ibèco;1.0
lorancliat;1.0
lyùimais;1.0
mahv;1.0
marrnonier;1.0
mauno;1.0
ury;1.0
mé-;1.0
iérihon;1.0
milocliui;1.0
morti;1.0
paillard;1.0
peli;1.0
georgel;1.0
pevtral;1.0
philipollpichon;1.0
prot;1.0
fèiiv;1.0
benj;1.0
aynigal;1.0
misti;1.0
lteybert;1.0
rumillet-charreii;1.0
sar;1.0
simohnet;1.0
sounsuc;1.0
sloeg;1.0
thcuher;1.0
rignv;1.0
signy;1.0
edouai;1.0
lafl;1.0
lesouef;1.0
fiuol;1.0
aldeck-r;1.0
cfjmml;1.0
conwvt;1.0
-lisi;1.0
jie;1.0
seine-inférieur;1.0
leygue;1.0
llocne;1.0
bourdonscomte;1.0
tenay;1.0
chanel;2.0
douvillè-maillefell;1.0
duch;1.0
icointe;1.0
leflvrc;1.0
krogier;1.0
raiiline;1.0
hemoilille;1.0
léom-;1.0
drjme;1.0
iuotteau;1.0
saini;1.0
lndro;1.0
ovai;1.0
tlt;1.0
tig;1.0
fît;1.0
rectillés;1.0
vauj;1.0
uas-langart;1.0
ouv;1.0
rtu;1.0
diioa;1.0
opri;1.0
tuilerie;1.0
reg;1.0
volt;1.0
imp;1.0
quai;1.0
