;1895-06-14
chambre;87.0
député;14.0
fi-;1.0
législ;1.0
session;1.0
ordinaire;8.0
compte;21.0
rendu;9.0
extenso;1.0
séance;21.0
vendredi;3.0
juin;13.0
sommaire;1.0
excuse;5.0
demande;44.0
congé;11.0
tirage;4.0
sort;3.0
bureau;27.0
communication;17.0
interpellation;14.0
adressée;3.0
coutant;2.0
ministre;139.0
commerce;95.0
industrie;23.0
poste;41.0
télégraphe;33.0
révocation;3.0
fonctionnaire;7.0
administration;22.0
dépôt;10.0
ragot;8.0
nom;19.0
rapport;41.0
élection;9.0
arrondissement;5.0
sedan;5.0
ardennes;9.0
adoption;17.0
projet;149.0
loi;71.0
tendant;13.0
autoriser;8.0
département;59.0
mayenne;7.0
imposer;8.0
extraordinairement;9.0
service;260.0
assistance;6.0
médicale;6.0
gratuite;6.0
basses-pyrénées;6.0
seine-inférieure;16.0
ville;25.0
orange;2.0
vaucluse;6.0
changer;4.0
affectation;3.0
fond;5.0
emprunt;4.0
décret;5.0
président;61.0
république;6.0
désignant;2.0
commissaire;6.0
gouvernement;101.0
assister;6.0
discussion;52.0
exploitation;12.0
maritime;65.0
postaux;58.0
continent;2.0
corse;16.0
france;51.0
algérie;99.0
tunisie;18.0
côte;10.0
barbarie;3.0
déclaration;10.0
urgence;14.0
modifier;8.0
faveur;7.0
portiers-consignes;4.0
mar;7.0
relative;3.0
constitution;4.0
cadre;2.0
effectif;5.0
armée;14.0
délibération;7.0
proposition;30.0
charles-roux;23.0
collègue;8.0
maroc;10.0
forcioli;21.0
rouanet;12.0
pams;21.0
bourlier;46.0
doumer;36.0
guerre;45.0
scrutin;12.0
article;57.0
unique;20.0
nouvelle;14.0
rédaction;1.0
présentation;3.0
portant;5.0
ouverture;4.0
exercice;4.0
crédit;14.0
supplémentaire;8.0
exécution;12.0
pntr;1.0
recrutement;3.0
année;45.0
aynard;6.0
commission;153.0
assurance;2.0
prévoyance;2.0
sociale;2.0
adopté;16.0
sénat;3.0
caisse;3.0
épargne;2.0
duvigneau;5.0
intérêt;89.0
local;8.0
autorisant;2.0
dijon;2.0
côte-d;10.0
emprunter;5.0
vue;21.0
subvenir;3.0
frai;12.0
installation;3.0
bourse;2.0
pere;1.0
ption;1.0
imposition;5.0
extraordinaire;5.0
additionnelle;2.0
contribution;5.0
patente;2.0
faire;64.0
face;3.0
amortissement;2.0
coudreuse;5.0
châlons-surmarne;1.0
marne;10.0
somme;45.0
percevoir;2.0
surtaxe;2.0
octroi;5.0
présidence;1.0
henri;22.0
brisson;4.0
ouverte;3.0
dulau;4.0
secrétaire;3.0
donne;15.0
lecture;5.0
procès-verbal;8.0
hier;1.0
georges;24.0
berger;4.0
henry;10.0
cochin;6.0
boudenoot;3.0
excusent;1.0
pouvoir;16.0
jour;40.0
breton;4.0
labat;5.0
renvoyé;1.0
ordre;16.0
appelle;5.0
procédé;6.0
opération;5.0
lieu;24.0
forme;10.0
habituelle;1.0
reçu;8.0
honneur;10.0
demander;19.0
interpeller;1.0
propose-t-il;1.0
andré;11.0
lebon;13.0
vindustrie;2.0
accord;12.0
crois;35.0
linterpellateur;1.0
discutée;1.0
suite;25.0
inscription;3.0
antérieuremenent;1.0
fixée;3.0
réforme;2.0
boisson;5.0
coûtant;5.0
entendu;10.0
opposition;7.0
ordonné;3.0
déposer;3.0
électorales;2.0
contestée;1.0
contestation;3.0
produire;2.0
inséré;4.0
journal;2.0
officiel;5.0
date;3.0
ul-;1.0
térieurement;1.0
ait;13.0
demain;16.0
rapporteur;21.0
inscrit;13.0
iour;1.0
adopte;1.0
successivement;1.0
réglementaire;1.0
texte;3.0
bézine;6.0
autorisé;8.0
conformément;5.0
conseil;8.0
général;29.0
faite;16.0
centième;2.0
centime;12.0
additionnels;1.0
principal;5.0
directes;4.0
produit;9.0
restera;4.0
exclusivement;3.0
applicable;4.0
dépense;33.0
mise;9.0
charge;48.0
juillet;17.0
recouvrée;3.0
indépendamment;3.0
extraordinaires;4.0
maximum;8.0
fixé;4.0
finance;11.0
vertu;3.0
août;4.0
partir;13.0
additionnel;4.0
vacherie;5.0
autorisée;2.0
approuvé;1.0
servira;3.0
pourvoir;2.0
reconstruction;1.0
passerelle;1.0
rivière;1.0
aigue;1.0
établissement;5.0
réfection;1.0
pavage;1.0
rue;1.0
construction;1.0
égout;1.0
ampliation;1.0
français;36.0
paragraphe;2.0
constitutionnelle;1.0
public;10.0
dispose;2.0
désignés;3.0
déterminé;3.0
décrète;1.0
art;6.0
qualité;1.0
selve;2.0
directeur;5.0
ansault;1.0
administrateur;1.0
postale;4.0
chargé;1.0
présent;11.0
pari;3.0
félix;12.0
faure;12.0
acte;4.0
donné;21.0
vient;12.0
entendre;7.0
déposé;11.0
archive;1.0
tre;2.0
portiersconsignes;1.0
etienne;6.0
consulte;9.0
consultée;6.0
déclare;7.0
générale;22.0
question;36.0
savoir;15.0
entend;6.0
passer;14.0
décide;5.0
contreprojet;2.0
bazille;4.0
auteur;2.0
informe;1.0
retire;2.0
présence;18.0
satisfaction;6.0
partielle;2.0
donnée;5.0
vote;9.0
rapide;14.0
complété;2.0
classe;7.0
rang;1.0
adjudant;2.0
mets;3.0
voix;20.0
mis;13.0
droit;33.0
retraite;1.0
gardien;2.0
génie;1.0
ensemble;12.0
dejoi;1.0
lre;3.0
Monsieur;54.0
propose;14.0
acceptation;2.0
convention;26.0
passée;2.0
gré;58.0
compagnie;234.0
transatlantique;88.0
organisation;15.0
chargée;2.0
examiner;7.0
présentés;2.0
rejette;1.0
soumet;2.0
résolution;10.0
maintenir;11.0
statu;5.0
quo;5.0
prix;53.0
résulte;13.0
adjudication;118.0
avril;16.0
puisse;8.0
hésiter;2.0
solution;24.0
part;29.0
respecte;1.0
absolument;27.0
parlement;11.0
temps;39.0
loisir;1.0
système;62.0
proposés;3.0
rallie;1.0
manière;8.0
définitive;6.0
subvention;66.0
postales;3.0
contraire;14.0
veuille;2.0
organiser;10.0
prime;30.0
vitesse;72.0
organisés;6.0
prochaine;4.0
actuellement;14.0
troublés;1.0
contradiction;4.0
absolue;16.0
principe;11.0
modifie;2.0
profondément;3.0
existant;7.0
lie;1.0
an;18.0
évident;3.0
nature;5.0
rallier;2.0
transitoire;13.0
conservant;1.0
salis;8.0
seule;10.0
pratique;3.0
naturel;3.0
histoire;2.0
presque;14.0
légendaire;1.0
présenté;13.0
comportait;3.0
division;1.0
lot;16.0
métropole;14.0
alger;110.0
ran;1.0
constantine;40.0
trouva;1.0
complet;3.0
renvoya;1.0
nouvel;1.0
examen;4.0
déposa;2.0
second;4.0
différait;1.0
précédent;2.0
présenta;1.0
réorganisation;1.0
complète;3.0
fut;1.0
dernier;18.0
procéda;1.0
pressé;2.0
échéance;5.0
déjà;15.0
mit;7.0
modifié;3.0
séoarés;1.0
soumissionnaire;13.0
pouvait;12.0
présenter;8.0
soumission;3.0
prendre;11.0
fraction;1.0
ensuit;1.0
combinaison;28.0
excessif;5.0
chiffre;49.0
mathématique;1.0
soumises;4.0
adjudicataire;14.0
mouvoir;1.0
avaitplus;1.0
prévoyait;1.0
lor;1.0
possibles;2.0
résultat;33.0
nou;1.0
retenons;1.0
déclarée;1.0
servi;2.0
oran;48.0
navigation;11.0
mixte;3.0
sut;1.0
aurait;11.0
cru;3.0
serait;24.0
rallié;1.0
éprouvé;2.0
besoin;13.0
inventer;1.0
compl;1.0
naison;1.0
con;1.0
vention;1.0
sorte;9.0
dea;1.0
mande;2.0
vérité;10.0
travaillé;1.0
lors;11.0
législature;2.0
actuelle;11.0
tenu;5.0
nfj;1.0
brouses;1.0
arijudiea;1.0
puis;16.0
renonce;2.0
propj;1.0
met;2.0
côté;13.0
arrive;10.0
sais;10.0
travail;2.0
intérieur;7.0
créer;3.0
coja-;1.0
binaison;1.0
concert;1.0
pagnie;1.0
gouverne;1.0
mission;2.0
commun;1.0
naient;1.0
partements;1.0
aient;3.0
fractionné;1.0
mettaient;2.0
concurrenco;1.0
cornpagilri;1.0
vales;1.0
enfin;9.0
cation;2.0
prévalait;1.0
cupo;1.0
cllp;1.0
inquiète;2.0
intérê;1.0
partement;1.0
visage;1.0
ment;5.0
minime;1.0
mesure;11.0
peine;3.0
parler;6.0
concentrt;1.0
frac-;1.0
tionnées;1.0
traite;1.0
uni-;1.0
court;1.0
danger;6.0
signalé;3.0
possibilité;5.0
constituer;3.0
monopole;16.0
forte;2.0
tard;4.0
pourra;8.0
trouver;13.0
lésé;1.0
traité;45.0
défavorable;2.0
trésor;6.0
parle;7.0
précédentes;1.0
favorable;10.0
ancien;9.0
écarté;1.0
affaire;12.0
messagerie;8.0
raison;26.0
spéciale;11.0
dit;33.0
concurrence;19.0
étranger;12.0
drapeau;1.0
prestige;2.0
national;2.0
fallait;11.0
traiter;8.0
donner;21.0
admettre;3.0
craindre;3.0
méditerranée;32.0
seules;2.0
bateau;43.0
appelé;5.0
renoncé;2.0
concentre;1.0
revient;1.0
cons-;1.0
tantine;1.0
arrière;1.0
supprime;3.0
relation;8.0
population;15.0
habitué;2.0
porte;4.0
grand;36.0
trouble;1.0
moment;38.0
traverse;2.0
crise;2.0
agricole;3.0
extrêmement;6.0
grave;8.0
avons;28.0
cherché;5.0
changé;5.0
opinion;9.0
soumettre;3.0
observation;8.0
motif;11.0
paraissent;1.0
guidé;2.0
dirait;2.0
lorsqu;10.0
agit;8.0
uvre;5.0
minis-;1.0
tériel;1.0
devient;2.0
propre;8.0
seul;15.0
changeant;1.0
change;3.0
présomption;1.0
appui;1.0
avance;2.0
consultative;3.0
cochery;3.0
demandait;2.0
réuni;4.0
répondit;1.0
renvoi;6.0
motivé;1.0
changement;4.0
ministériel;2.0
survenu;1.0
novembre;1.0
considérait;2.0
lié;1.0
prédécesseur;3.0
émanant;1.0
mûrement;1.0
minutieusement;1.0
délibéré;1.0
volonté;5.0
personnelle;4.0
dépendre;1.0
dirai;5.0
caprice;1.0
suffira;3.0
ébranlé;1.0
tombé;1.0
aurions;2.0
peut-être;13.0
discuter;7.0
seconde;4.0
résistance;4.0
voulait;6.0
ser-;3.0
vice;3.0
décidé;3.0
réduire;4.0
préparé;1.0
chemin;22.0
fer;22.0
comportant;1.0
quotidien;8.0
marseille;32.0
train;13.0
nuit;13.0
rayonneraient;1.0
disait;19.0
correspondance;12.0
arrivât;1.0
rapidement;7.0
point;51.0
pur;3.0
utopie;2.0
examinerons;1.0
détail;5.0
verrons;2.0
possible;20.0
cause;13.0
distance;1.0
rayonner;1.0
àbône;1.0
souk-ahras;1.0
biskraettébessa;1.0
tenait;1.0
trouve;14.0
jonnart;5.0
sous-commission;2.0
pereire;9.0
émis;4.0
avis;15.0
permettrait;1.0
assurer;16.0
postal;11.0
étendue;2.0
etat;44.0
pourrait;8.0
économie;9.0
présentement;1.0
allouées;1.0
ligne;83.0
bône;13.0
philippeville;11.0
également;10.0
appris;1.0
ajoutait;1.0
ingénieur;1.0
algérien;17.0
existence;1.0
établir;9.0
contrôlé;1.0
auprès;5.0
répondu;4.0
intervention;1.0
subventionné;18.0
défendre;4.0
prépare;2.0
soutenir;2.0
expliquer;3.0
suppression;12.0
réservant;1.0
perte;15.0
considérables;12.0
montrer;3.0
responsable;1.0
a-t-elle;1.0
perdu;3.0
ailleurs;4.0
million;36.0
difficile;6.0
vérifier;1.0
livre;3.0
nombre;43.0
obligé;14.0
combler;2.0
déficit;1.0
bénéfice;9.0
réalisait;2.0
amérique;1.0
malaisé;1.0
contester;1.0
affirmation;1.0
pouvons;6.0
dégager;1.0
pris;12.0
taux;2.0
bas;4.0
lieue;17.0
marine;34.0
revenait;1.0
marché;8.0
ef-;1.0
fet;1.0
constate;4.0
italien;4.0
paye;5.0
rubattino;1.0
uds;24.0
civita-vecchia;1.0
sardaigne;1.0
parage;1.0
est-à-dire;21.0
inférieur;12.0
égale-;1.0
autrichien;2.0
alloue;1.0
lloyd;1.0
trieste;1.0
variant;1.0
adriatique;1.0
levant;1.0
voit;4.0
rechercher;2.0
spéculation;1.0
flotte;13.0
océan;3.0
accepté;2.0
ues;2.0
parcours;6.0
payés;4.0
nation;2.0
supérieur;10.0
acceptés;1.0
imputable;2.0
organisé;6.0
voulu;10.0
constaté;2.0
pourtant;2.0
eue;2.0
maintenus;2.0
demi;1.0
conservé;2.0
aveu;1.0
éprouvait;1.0
résultant;5.0
nullement;5.0
situation;38.0
fret;23.0
colonie;15.0
convient;1.0
observer;5.0
port;54.0
bordeaux;3.0
havre;1.0
dunkerque;2.0
faute;5.0
délit;1.0
commis;1.0
entendue;2.0
desservent;2.0
exagérer;4.0
coalition;4.0
entente;3.0
prévue;2.0
code;3.0
pénal;2.0
poursuivi;2.0
courant;2.0
révélés;1.0
devenue;1.0
âpre;1.0
démontré;8.0
rival;5.0
drix;1.0
est-il;6.0
ensuite;9.0
paraît;8.0
trompaient;1.0
réciproquement;1.0
voyant;1.0
arriver;18.0
contrat;12.0
illégal;1.0
exécuter;6.0
loyalement;1.0
exagéré;1.0
sens;7.0
tuer;4.0
abaissé;2.0
exagérée;2.0
chef;7.0
subi;3.0
subir;3.0
véritablement;6.0
mal;4.0
venue;4.0
volontairement;2.0
argent;5.0
organisant;1.0
venir;6.0
faut;36.0
élément;3.0
motiver;1.0
ministériels;1.0
persistante;1.0
pesé;1.0
décision;3.0
idée;1.0
proprement;1.0
réalité;4.0
sert;1.0
gauche;22.0
tanger;1.0
passant;4.0
melilla;1.0
malaga;1.0
gibraltar;1.0
réellement;2.0
allant;3.0
tunis;2.0
tripoli;1.0
sousse;1.0
monastir;1.0
mahdia;1.0
sfax;1.0
gabès;1.0
djerba;1.0
pense;5.0
pays;24.0
groupe;1.0
doive;2.0
politique;7.0
discute;3.0
voudrais;6.0
séparât;1.0
chose;13.0
distinctes;1.0
fît;2.0
ressortir;3.0
puisqu;10.0
partie;13.0
réservée;2.0
nécessaire;18.0
consacrée;1.0
envisagé;1.0
prompte;1.0
mobilisation;15.0
appartenant;1.0
important;2.0
ctre;1.0
préoccupation;3.0
dis;4.0
hypothèse;2.0
lointaine;1.0
sacrifier;1.0
immédiat;1.0
prétexte;5.0
gagner;3.0
corps;6.0
troubler;2.0
jamais;9.0
saint-germain;12.0
vingt-cinq;1.0
cas;26.0
extrême;10.0
nécessité;8.0
défense;8.0
nationale;2.0
exigent;1.0
immédiate;5.0
retard;8.0
compromettre;2.0
salut;1.0
patrie;3.0
détermine;1.0
troupe;17.0
sécurité;2.0
abandonne;2.0
évidents;1.0
créant;1.0
destinés;4.0
uniquement;4.0
arabe;6.0
européen;2.0
mettre;9.0
mouvement;10.0
lendemain;3.0
révolte;2.0
indigène;5.0
suffirait-il;1.0
homme;7.0
trou-;2.0
pes;1.0
convenablement;1.0
espacés;2.0
résister;1.0
insurrection;3.0
pourraient;6.0
fallu;3.0
préparer;1.0
époque;4.0
gouverné;1.0
féodalité;4.0
pouvaient;5.0
disposer;1.0
bloc;1.0
considérable;16.0
détruit;2.0
jaurès;8.0
créé;6.0
gustave;15.0
bouanet;1.0
juif;1.0
bruit;6.0
disparu;2.0
administrent;1.0
quun;1.0
restreint;3.0
musulman;1.0
kabyle;1.0
parait;1.0
éclater;1.0
imputer;1.0
causées;1.0
chapitre;4.0
ministère;30.0
pavillon;11.0
concentration;7.0
disais;4.0
déclaré;6.0
paraissaient;2.0
suffisant;4.0
reconnu;3.0
destination;3.0
clair;1.0
main-;1.0
tient;3.0
faudra;1.0
évidence;1.0
complètement;7.0
justifier;2.0
abandon;1.0
plaignons;1.0
prétend;2.0
rayonnant;1.0
lettre;22.0
horaire;1.0
veux;10.0
contenterai;1.0
kilomètre;10.0
matin;2.0
minuit;1.0
arrivée;10.0
exemple;12.0
lundi;2.0
distribuée;2.0
mercredi;1.0
surlendemain;2.0
région;5.0
aller;11.0
parcourir;1.0
ki-;1.0
lomètres;2.0
journée;9.0
soùk-ahras;1.0
tébessa;1.0
biskra;3.0
remarquez;2.0
localité;1.0
desservies;1.0
envisage;2.0
existe;6.0
calle;1.0
voiture;3.0
prenons;2.0
djdjelli;1.0
grâce;5.0
cotier;1.0
hebdomadaire;2.0
chef-lieu;5.0
habitant;4.0
djidjelli;4.0
profite;5.0
contrôler;1.0
renseignement;5.0
route;2.0
tronçon;2.0
collo;1.0
philippe-;1.0
demie;2.0
philippevihe;1.0
em-;1.0
barquement;1.0
centre;9.0
semble;9.0
accordé;8.0
simplement;10.0
transport;54.0
rigueur;1.0
voyageur;18.0
plaisir;2.0
oisif;2.0
riche;5.0
oublier;2.0
devenu;1.0
séjour;1.0
préféré;1.0
nombreuse;1.0
départ;6.0
majeure;1.0
touriste;4.0
répandent;1.0
viennent;4.0
occasion;1.0
retourner;1.0
occupe;1.0
malade;2.0
saison;2.0
hiver;1.0
veulent;2.0
visiter;1.0
amateur;1.0
famille;1.0
colon;6.0
modestes;1.0
commerçant;2.0
veut;5.0
trajet;3.0
long;5.0
iront;2.0
embarquer;2.0
payeront;2.0
porterait;2.0
directement;6.0
étrange;4.0
aider;1.0
payer;8.0
néglige;1.0
occuper;1.0
concitoyen;2.0
titre;10.0
bienveillance;1.0
samary;10.0
justice;5.0
détruiraient;1.0
espèce;3.0
réclame;2.0
avantage;19.0
chiffrés;1.0
apparents;1.0
coo;1.0
voyage;1.0
facilement;4.0
meilleur;8.0
personnel;11.0
matériel;16.0
basse;1.0
évaluation;3.0
fixent;2.0
retirera;1.0
ajouter;9.0
franc;18.0
bénéficie;1.0
quai;8.0
considérés;1.0
payait;1.0
considère;5.0
réalisera;2.0
cahier;31.0
cbar;1.0
ges;2.0
soumis;11.0
figurait;1.0
terme;2.0
conçu;6.0
ine;1.0
difié;1.0
compagne;1.0
chaudière;9.0
pourvues;5.0
foyer;8.0
grille;7.0
disposés;2.0
ppur;1.0
emploi;5.0
charbon;15.0
combustion;1.0
simple;6.0
neuves;3.0
signifie;1.0
transatlan-;1.0
tique;1.0
existent;9.0
construira;2.0
avenir;7.0
tiendra;1.0
disposition;8.0
formel;1.0
stipulait;1.0
seraient;5.0
pouvant;2.0
brûler;2.0
gauthier;4.0
clagny;4.0
ramel;4.0
adopter;5.0
amendement;8.0
spécial;2.0
expliquons;1.0
modification;9.0
explique;3.0
borne;1.0
signaler;4.0
compétent;1.0
évaluer;1.0
constitue;1.0
devait;4.0
paquebot;13.0
pourvus;5.0
cloison;4.0
étanche;4.0
devaient;2.0
entrer;6.0
lit;1.0
ajouté;1.0
voyez;8.0
importance;13.0
permet;3.0
servir;9.0
apporter;8.0
coûteuses;2.0
naval;2.0
continuer;4.0
vieux;1.0
conséquent;9.0
modifiés;1.0
directe;1.0
occulte;2.0
soutient;2.0
établit;3.0
distribuées;3.0
invrai-;1.0
semblable;1.0
distribuera;1.0
courrier;2.0
venant;3.0
prévoir;1.0
gouverement;1.0
voudra;3.0
évaluait;1.0
trouvé;8.0
brochure;2.0
documentée;1.0
indique;2.0
élevé;6.0
retenu;1.0
moyenne;6.0
prétends;2.0
accorder;5.0
bonne;4.0
fortune;1.0
obtenir;11.0
condition;51.0
favorables;8.0
centrale;1.0
touche;2.0
arrivent;1.0
immédiatement;4.0
relié;1.0
autant;4.0
désirer;3.0
véritables;3.0
reconnaît;2.0
semaine;4.0
pût;3.0
croire;4.0
instant;3.0
représentant;7.0
animé;1.0
moindre;3.0
sentiment;2.0
particularisme;2.0
preuve;2.0
associé;1.0
volontiers;3.0
création;6.0
quoti-;1.0
dien;1.0
pour-;2.0
fussent;3.0
sacrifié;2.0
gouverneur;2.0
saurait;5.0
regarder;2.0
esprit;5.0
particulariste;1.0
al-;1.0
gérienne;1.0
série;4.0
demandé;19.0
réduisait;2.0
détruire;2.0
précédemment;2.0
développer;6.0
commerciale;7.0
suspect;1.0
particuliarisme;1.0
défendu;2.0
joue;1.0
vis-à-vis;2.0
rôle;3.0
vie;2.0
intellectuel;1.0
davantage;5.0
influence;1.0
èla;1.0
nnqtn-;1.0
rappelle;2.0
ueparicuioau;1.0
tine;1.0
plébiscite;1.0
majorité;10.0
oui;4.0
regarde;1.0
inféodé;1.0
répète;6.0
agréable;3.0
faciliter;1.0
desservi;1.0
amènerait;1.0
voyagent;1.0
prennent;4.0
imposent;1.0
philippe;1.0
montré;4.0
résisté;1.0
fondé;4.0
énormes;1.0
reçoit;5.0
indirectement;1.0
maintien;6.0
laisser;7.0
prenant;5.0
adj;1.0
udication;1.0
éprouvent;1.0
déception;1.0
uouvernement;1.0
sérieux;14.0
mauvais;7.0
accepter;12.0
base;6.0
substitution;4.0
régime;4.0
tégime;1.0
blerez;1.0
établi;1.0
régulière;1.0
partout;1.0
desservis;7.0
actuel;11.0
dépensé;1.0
abandonnez;1.0
coup;5.0
concentrant;4.0
effort;7.0
utilité;1.0
avez;39.0
voulez;7.0
impôt;2.0
faille;1.0
subordonner;1.0
producteur;1.0
colonisation;4.0
portée;2.0
proposant;1.0
espère;4.0
écouter;1.0
applaudissement;22.0
banc;23.0
viens;7.0
impossible;9.0
amendant;1.0
budget;48.0
socialiste;3.0
rit;6.0
évidemment;3.0
rire;8.0
expédient;1.0
trouvons;7.0
acculés;3.0
imprévoyance;1.0
caractéristique;1.0
douloureux;1.0
circonstance;2.0
parlementaire;4.0
échoit;1.0
insolites;1.0
assumé;1.0
responsabilité;5.0
lourde;4.0
initiative;5.0
négociation;4.0
discutons;1.0
contradictoires;1.0
successives;2.0
prise;5.0
soustrait;2.0
appréciation;10.0
mode;2.0
aqx;1.0
déchirées;1.0
efface;1.0
présente;3.0
contrairement;1.0
règle;1.0
exactement;3.0
résumée;1.0
énumérait;1.0
quelques-unes;2.0
peser;1.0
réduit;6.0
incombaient;1.0
auparavant;3.0
notamment;4.0
augmente;1.0
accroît;1.0
réduction;3.0
augmentation;15.0
pouvait-il;2.0
accepterait;1.0
suivre;5.0
ratifierait;1.0
étonne;1.0
résolu;2.0
soustraire;1.0
chinoiserie;1.0
rabais;6.0
trente-cinq;3.0
provisoire;17.0
globales;1.0
averti;1.0
couriez;1.0
prévenu;1.0
viendraient;2.0
définitif;3.0
présenteraient;1.0
réserveraient;1.0
nécessairement;4.0
globale;2.0
prononcer;5.0
critiquées;1.0
insolite;2.0
conclu;3.0
aviez;5.0
abandonné;1.0
devoir;5.0
recommander;3.0
substituer;2.0
fixe;2.0
privilégié;2.0
libre;17.0
laisse;2.0
subsister;1.0
continentaux;2.0
constituent;3.0
dis-je;4.0
privée;1.0
matière;4.0
créez;2.0
véritable;6.0
garantie;7.0
doute;4.0
progrès;5.0
loyaux;1.0
illégaux;1.0
parfois;2.0
conclus;1.0
illégales;1.0
puni;1.0
moralité;1.0
courante;1.0
parfaitement;5.0
loyales;1.0
bienl;1.0
augmenter;7.0
adviendra-t-il;1.0
continueront;1.0
lutte;3.0
acharné;1.0
soutiennent;1.0
insister;4.0
entendront;1.0
coaliseront;1.0
aboutirez;1.0
écrasement;1.0
petit;7.0
fera;4.0
plaira;1.0
fixer;2.0
réaliser;3.0
trouverez;1.0
incapables;1.0
multiplicité;7.0
viendront;3.0
écraser;1.0
vois;3.0
défendait;1.0
tribune;6.0
auraient;2.0
désastreux;3.0
préconisait;2.0
prédits;1.0
prédiction;1.0
accomplie;1.0
reste;8.0
expérimenter;1.0
disons;2.0
attendant;2.0
amenés;1.0
reconnaître;2.0
inéluctable;1.0
expérimentez;1.0
attendons;2.0
merveilleux;1.0
tenter;1.0
expérimentation;1.0
conséquence;12.0
ajoute;4.0
rend;2.0
demi-solution;1.0
facile;3.0
adoptant;1.0
ferez;3.0
augmenterez;1.0
période;3.0
longue;2.0
feriez;2.0
rez;1.0
remédier;2.0
créée;1.0
application;5.0
apparaîtra;1.0
profitant;1.0
votera;1.0
tracée;1.0
pied;2.0
levé;1.0
négocié;2.0
édifier;1.0
vextrême;4.0
jules;38.0
honorable;9.0
êtes;11.0
réunis;1.0
statuer;2.0
présentée;1.0
tirer;3.0
embarra;4.0
engagé;4.0
concerne;13.0
dois;7.0
représenter;1.0
port-vendres;34.0
sudouest;2.0
ouest;7.0
assuré;3.0
port-vendresoran;1.0
port-vendres-algcr;1.0
cette-marseillealger;1.0
purement;4.0
supprimés;2.0
protester;1.0
proteste;1.0
représente;1.0
nofl;1.0
gouver;1.0
nement;1.0
borel;1.0
mini;1.0
marcère;1.0
nistre;2.0
léon;16.0
say;4.0
rent;1.0
indispensables;3.0
furent;1.0
comprises;1.0
justifi;1.0
rapproché;1.0
offre;5.0
sûr;3.0
dre;1.0
développée;2.0
passent;2.0
annuellement;2.0
ipon;1.0
vendres;1.0
commercial;11.0
tonne;10.0
eri;1.0
port-ven;1.0
dres;1.0
sacrifice;10.0
imposée;2.0
coi;2.0
sentir;1.0
agr;1.0
dissement;1.0
tez-vous;1.0
anéantir;1.0
réalisée;3.0
continus;1.0
devez;2.0
respecter;1.0
acquis;4.0
permettez-moi;10.0
appeler;5.0
attention;5.0
dominent;1.0
sud-ouest;3.0
intéressé;10.0
rendre;4.0
aboutir;3.0
narbonne;4.0
portvendres;7.0
parte;1.0
angoulême;1.0
toulouse;1.0
suit;2.0
itinéraire;2.0
midi;2.0
dirige;1.0
évitant;1.0
golfe;2.0
lion;2.0
ira;2.0
rendra;1.0
tarasconet;1.0
tarascon;1.0
parcourra;1.0
traversée;3.0
mau-;1.0
but;7.0
atteindre;6.0
rappelait;2.0
manifestée;1.0
débat;7.0
discutait;1.0
fit;1.0
exception;2.0
songerait;1.0
combattre;5.0
canton;2.0
gare;1.0
chercher;4.0
théorie;4.0
remis;2.0
extraparlementaires;1.0
com-;2.0
document;4.0
dégagent;1.0
appuyé;3.0
posés;1.0
confirment;1.0
choix;3.0
judicieux;1.0
attache;2.0
transmission;2.0
dépêche;11.0
relier;1.0
mili-;1.0
tions;3.0
essentielles;2.0
satisfaire;3.0
réseau;1.0
réalise;2.0
aspiration;1.0
fixant;1.0
oubliant;2.0
faciles;1.0
commode;1.0
empêche;1.0
prêcher;1.0
técentralisation;1.0
exprimé;1.0
monde;8.0
mostaganem;1.0
algrien;1.0
aujoura;1.0
nui;2.0
bouleverser;1.0
faible;2.0
dominés;1.0
militaire;12.0
croiseur;3.0
auxiliaire;3.0
devraient;1.0
amener;1.0
paix;8.0
navire;15.0
soient;5.0
fassent;1.0
appartiennent;1.0
pourvu;3.0
puissent;2.0
exige;1.0
sait;7.0
italie;5.0
torpilleur;1.0
haute;1.0
mer;3.0
filant;4.0
kiel;1.0
feriez-vous;1.0
permettrez;1.0
considérer;1.0
morale;1.0
tradition;1.0
écrivait;1.0
préfet;1.0
pyrénées-orientales;5.0
agissait;3.0
supprimer;3.0
importantes;3.0
nostal;1.0
départe-;1.0
opposerait;1.0
fâcheux;5.0
réponse;3.0
claire;1.0
explicite;1.0
consultés;3.0
inconvénient;4.0
résulter;3.0
uuluudu;1.0
littionale;1.0
manifesté;2.0
préférence;4.0
estiment;2.0
rapidité;4.0
économique;5.0
normal;3.0
mercier;7.0
contre-;1.0
signé;2.0
venu;4.0
déclarer;6.0
utilisés;1.0
zurlinden;2.0
choisir;3.0
rapprochés;1.0
concentrer;6.0
serait-il;1.0
sage;2.0
outillage;2.0
transporter;6.0
territoriale;1.0
remplacer;5.0
préoccuper;1.0
passe;3.0
soldat;1.0
supprimez;8.0
escale;7.0
forcé;1.0
indiquée;3.0
occasionnant;1.0
terre;1.0
concession;3.0
détient;1.0
domaine;2.0
cherche;5.0
chasser;1.0
coûté;1.0
dédaignait;1.0
mcttau;1.0
atteignaient;1.0
réglementaires;2.0
février;2.0
rappeler;3.0
respect;1.0
étouffer;2.0
atteinte;4.0
étonner;4.0
faisait;6.0
admirablement;4.0
placée;3.0
renouvellement;2.0
entends;3.0
personnellement;3.0
procès;1.0
défend;1.0
légitime;3.0
connaître;3.0
procurer;2.0
lez;1.0
partez;1.0
visible;1.0
impressionné;1.0
intention;3.0
objet;8.0
note;6.0
remise;3.0
extraparlementaire;2.0
présidée;1.0
boulanger;1.0
caractérisait;1.0
verrez;1.0
donnais;1.0
exprimait;1.0
main;5.0
rendent;1.0
illusoire;2.0
conclusion;9.0
plu;1.0
loin;10.0
cré;1.0
ation;1.0
onop;1.0
oie;1.0
absolu;2.0
profit;4.0
amélioration;2.0
apportées;2.0
disparaître;1.0
réunion;4.0
vivre;2.0
obstacle;1.0
développement;2.0
armement;1.0
puissance;2.0
duraient;1.0
inspiré;1.0
seuls;2.0
tiennent;1.0
poit-vendres;1.0
fallût;1.0
constituaient;2.0
fonctionnaient;1.0
donnaient;1.0
réclamé;1.0
plaignait;2.0
trafic;13.0
supprimant;1.0
mieux;8.0
clause;4.0
absence;1.0
réglait;1.0
contenait;1.0
engager;1.0
durée;6.0
payement;2.0
annuelle;6.0
désignées;1.0
ci-après;1.0
consécutive;1.0
déterminer;3.0
voua;2.0
pensée;4.0
obéi;1.0
voulait-il;1.0
futur;1.0
soin;2.0
intervenir;3.0
avait-il;1.0
syndicat;2.0
res;1.0
donna;1.0
pourparler;1.0
remarquer;1.0
sein;3.0
rétabli;1.0
supprimé;2.0
zse;1.0
présentant;1.0
rétablies;2.0
rétablir;2.0
fin;2.0
arriva;1.0
vint;1.0
exposé;4.0
dispositif;1.0
avait-on;1.0
verbales;1.0
existé;1.0
constatées;1.0
impressionnèrent;1.0
rendirent;1.0
trouvèrent;1.0
incriminées;1.0
marty;7.0
voisin;3.0
direct;2.0
disaient;1.0
inquiétez;1.0
toucher;2.0
primitif;4.0
pouvions;1.0
référer;1.0
entendrons;1.0
concernait;1.0
bouleversaient;1.0
indiqués;3.0
dépasser;5.0
effectués;1.0
revision;1.0
double;3.0
sauvegarde;4.0
marchand;1.0
complétée;1.0
teneur;2.0
concessionnaire;11.0
oblige;2.0
égard;7.0
expéditeur;2.0
marchandise;16.0
refus;3.0
place;1.0
disponible;1.0
abaisser;1.0
tarif;1.0
interdit;1.0
plainte;1.0
statue;1.0
fait-il;1.0
trouvait;4.0
reproduite;1.0
remanier;2.0
procédure;1.0
recommence;1.0
maintenue;2.0
dépose;1.0
rétablissant;1.0
unanimité;2.0
exact;5.0
heureux;2.0
tour;3.0
paraissait;5.0
eût;7.0
lourties;4.0
exclamation;8.0
écrit;2.0
indiquait;4.0
cour;2.0
ajourner;1.0
reprise;2.0
délai;3.0
ajoutait-il;1.0
société;3.0
marseillais;2.0
moyen;17.0
restait;1.0
position;1.0
vînt;1.0
prit;1.0
stupéfia;1.0
paul;40.0
assurément;2.0
examiné;1.0
tenir;5.0
dite;1.0
bienveillant;1.0
est-ce;7.0
comprendre;3.0
supprimait;1.0
comprit;1.0
mirage;1.0
empêcher;1.0
allait;4.0
au-devant;1.0
extravagant;1.0
déclarait;1.0
valables;1.0
approuvées;1.0
ement;1.0
ratifiées;1.0
réservait;1.0
multiple;2.0
préparait;1.0
théâtre;2.0
rentrée;1.0
appre-;1.0
nons;2.0
figure;2.0
proposées;2.0
oublié;3.0
précisément;6.0
donnez;4.0
réserve;5.0
imposé;2.0
permettant;3.0
déplus;1.0
lagnel;4.0
contribuable;2.0
référant;1.0
vraiment;4.0
malheureuses;1.0
connaissait;1.0
désir;4.0
savait;2.0
limite;6.0
disposée;3.0
accorde;1.0
dépasse;2.0
osé;1.0
espérer;1.0
probable;2.0
conçue;2.0
souvent;7.0
laissé;5.0
subside;2.0
insuffisanc;1.0
naturellement;1.0
semblerait;1.0
contenter;2.0
toutefois;1.0
déchargée;1.0
obligation;3.0
concédées;1.0
ajaccio;4.0
oublie;1.0
jeter;3.0
regard;1.0
conditionnelles;10.0
auriez;2.0
intéressent;1.0
indiquer;7.0
onéreux;2.0
coûtaient;1.0
adjugés;1.0
oran-tanger;1.0
adjugé;1.0
crue;1.0
soumissionné;2.0
traitez;2.0
rapprochement;1.0
comparer;2.0
rapprocher;1.0
comparaison;3.0
erreur;9.0
introduisant;1.0
cautionnement;2.0
hausser;1.0
épaule;1.0
demandez;2.0
exigez;2.0
numéraire;1.0
rente;1.0
démandez;1.0
admettez;1.0
hypothécaire;1.0
différence;4.0
éventuel;2.0
indiqué;5.0
destiné;1.0
imposez;2.0
comprend;2.0
précaution;1.0
accident;1.0
elbe;1.0
dom-pedro;1.0
reine-régente;1.0
prenez;1.0
conditionnelle;2.0
rapportait;1.0
peutêtre;2.0
délicat;1.0
disposées;1.0
emploient;1.0
combustible;1.0
repune;1.0
ueuiumtions;1.0
anglais;3.0
inexact;2.0
employer;4.0
équivalent;1.0
faudrait;3.0
entraînerait;3.0
appareil;1.0
évaporatoires;1.0
volume;1.0
cube;1.0
réservé;3.0
diminué;1.0
brûle;1.0
aden;1.0
embarquent;1.0
indispensable;3.0
croyais;1.0
rêver;1.0
revu;1.0
résumé;2.0
termine;1.0
coûtera;4.0
confirmé;1.0
capital;1.0
engage;3.0
iransiormation;1.0
eervice;1.0
persistiez;1.0
membre;10.0
emile;19.0
brousse;4.0
pareille;6.0
démonstration;2.0
jugée;1.0
siégé;1.0
permanence;1.0
recevoir;4.0
entremise;1.0
singulièrement;3.0
renversés;1.0
travaille;1.0
étudie;1.0
accorderai;1.0
eugène;2.0
emploie;1.0
formule;2.0
agirait;1.0
égal;5.0
coûterait;4.0
carthagène;3.0
nouvellement;2.0
accordait;1.0
iservices;1.0
tenon;1.0
remarqué;1.0
entraîner;3.0
permettait;1.0
sortir;2.0
difficulté;3.0
proposé;4.0
user;3.0
offrait;1.0
obtenu;6.0
chacune;2.0
beau;4.0
expérience;4.0
échapper;1.0
décidait;2.0
proposer;5.0
appuyer;1.0
vouloir;3.0
sacrifie;2.0
représentons;2.0
reviser;1.0
délicieux;1.0
exonérait;1.0
exonération;1.0
assurait;1.0
cadeau;1.0
su;1.0
retrouvé;1.0
boni;1.0
consentons;2.0
douté;1.0
retenir;4.0
ernière;1.0
communiqué;3.0
commis-;1.0
sion;1.0
communiquer;1.0
pli;1.0
copie;1.0
transmises;1.0
quà;1.0
terrain;2.0
placé;2.0
intégralement;3.0
approbation;6.0
accompagnait;1.0
antide;3.0
boyer;4.0
avant-hier;1.0
envoyé;1.0
parvenir;2.0
retiens;1.0
pénible;1.0
voir;4.0
échangées;1.0
reconnaissez;1.0
resteront;1.0
voulez-vous;6.0
disent;1.0
sauront;3.0
rétablissement;1.0
jugées;1.0
ratification;2.0
poursuivons;1.0
reconnus;2.0
intéressantes;1.0
proposons;1.0
satisfait;2.0
provisoirement;1.0
émoi;1.0
permettra;3.0
remettre;1.0
vigueur;2.0
appliquer;2.0
applaudusenren;1.0
gau-;1.0
che;1.0
règlent;1.0
associer;1.0
sauvegarder;2.0
conforme;1.0
clôture;8.0
persiste-t-on;1.0
ouil;1.0
répondre;9.0
critique;6.0
adressées;1.0
oubliez;1.0
proverbe;1.0
connu;1.0
cloche;1.0
adversaire;2.0
victorieusement;1.0
touchent;1.0
partisan;4.0
persuadé;1.0
argument;11.0
convaincre;1.0
parlez;10.0
forcer;1.0
pouvez;2.0
clore;1.0
prononcée;2.0
partager;1.0
féliciter;1.0
importante;2.0
dégageant;1.0
tuation;1.0
inextricable;1.0
veille;1.0
rfnrnlratirtri;1.0
rtn;1.0
ti-nh-s;1.0
noffl;1.0
mée;1.0
éflldiet;1.0
réorganiser;1.0
tripoly;1.0
taine;1.0
aboutissait;1.0
pasit;1.0
laborieuse;1.0
tiraillement;1.0
trente-trois;1.0
composaient;1.0
moin;1.0
paya;1.0
représentent;2.0
cherchait;1.0
mandant;1.0
vous-même;2.0
scntées;1.0
personûj;1.0
conc;1.0
aions;1.0
commit;1.0
irréalisables;1.0
courait;1.0
échec;1.0
onéreuses;1.0
éclatante;2.0
néant;1.0
agi;1.0
autrement;5.0
conviction;4.0
ferme;4.0
arrêtée;1.0
remet;1.0
hésitation;2.0
irréfutable;2.0
appelant;2.0
publique;3.0
déblayer;1.0
jaillir;1.0
lumière;1.0
résulté;1.0
estimé;1.0
irréalisable;1.0
multiplié;1.0
proportion;1.0
écart;1.0
énorme;2.0
plaisanterie;2.0
adjudica-;1.0
sav;1.0
soumit;1.0
reçut;1.0
accueil;1.0
fort;5.0
inquiétant;2.0
demandèrent;1.0
prévoyant;1.0
rencontrer;1.0
continuation;2.0
direz;1.0
incontestable;5.0
tranchée;1.0
disputé;1.0
porter;3.0
payé;4.0
inattaquable;1.0
considérée;1.0
identique;4.0
montrerai;1.0
exécutéq;1.0
dînèrent;1.0
demandiez;1.0
appliqué;1.0
estce;1.0
mérite;2.0
posé;1.0
nettement;3.0
ap-;1.0
précier;1.0
sainement;1.0
dangereuse;2.0
acculé;1.0
continuait;1.0
inadmissibles;1.0
paru;2.0
modérant;1.0
diminuant;2.0
éloignât;1.0
sensiblement;4.0
déterminée;2.0
soigneusement;1.0
conseillait;1.0
apporté;2.0
dissimuler;1.0
-cahier;1.0
pourrions;1.0
retirer;1.0
juger;6.0
apprécier;3.0
condamner;1.0
dépeindre;1.0
célérité;1.0
convenable;2.0
diminuions;1.0
mère;1.0
résultent;2.0
considérant;2.0
jeu;3.0
pensé;3.0
restreindre;1.0
approchions;1.0
répondions;1.0
répété;1.0
ouvrir;1.0
champ;2.0
vaste;2.0
déterminait;1.0
entendait;1.0
répondant;2.0
sachiez;1.0
possède;1.0
vingt-sept;2.0
libres;13.0
visltpnt;1.0
portent;3.0
meuio;1.0
-vuv;1.0
possèdent;1.0
nlus;1.0
reçoivent;2.0
province;3.0
visite;1.0
bâtiment;6.0
run;1.0
vingt-huit;1.0
lutter;1.0
infériorité;1.0
incontestables;1.0
parallèlement;1.0
puissante;1.0
réduisant;2.0
désiré;1.0
placer;3.0
prochainement;1.0
estime;5.0
rapproche;1.0
idéale;1.0
nuisible;1.0
doublement;1.0
régulièrement;3.0
répartie;1.0
ferrées;1.0
central;2.0
lentement;1.0
in-;2.0
téressés;1.0
recevraient;1.0
regrettables;1.0
expose;1.0
apprécierez;1.0
reproche;4.0
subventionnez;1.0
pénétrer;1.0
attendent;1.0
pliilippeville;1.0
aboutit;1.0
impasse;1.0
attente;1.0
profitent;1.0
serf;1.0
réparties;1.0
b-espins;1.0
satisfaits;1.0
implique;2.0
répartir;2.0
consacré;1.0
-sommeil;1.0
extrémité;1.0
éloignées;1.0
territoire;4.0
tin;1.0
sêpvice;1.0
constitué;2.0
coïncident;1.0
cor-;1.0
rectement;1.0
arrivee;1.0
jjt;1.0
leaua;1.0
til;1.0
tlélat;1.0
coïncide;1.0
dispersent;1.0
trainsl;1.0
désirable;2.0
légère;2.0
soir;2.0
urront;1.0
rrouhs;1.0
contrôle;2.0
trouveront;3.0
contact;1.0
dirigeant;1.0
thomson;8.0
pardon;2.0
prenez-vous;2.0
train-kilomètre;1.0
arrêt;1.0
contrepartie;1.0
avantageux;5.0
vjur;1.0
régulier;5.0
actif;1.0
bénéficiera;1.0
répartition;1.0
présentait;2.0
oubliait;1.0
mentionner;1.0
voyager;1.0
séjourner;1.0
raisonnement;1.0
incomplet;1.0
soulève;2.0
protestation;5.0
convaincue;1.0
attachaient;1.0
apparence;2.0
permettez;2.0
décroît;1.0
appoint;1.0
coûte;2.0
compensation;2.0
appréciable;1.0
procure;1.0
soi-disant;1.0
passager;19.0
direction;1.0
apparente;1.0
bifurcation;1.0
diriger;3.0
entraîne;1.0
trouvent;3.0
pont;1.0
élevés;3.0
adressant;1.0
constitueront;1.0
arnsl;1.0
tenté;1.0
écono-;1.0
mie;1.0
adresser;3.0
perd;1.0
gagne;1.0
inversement;1.0
insistait;1.0
fiction;1.0
intéressants;1.0
reconnais;3.0
port-yendres;1.0
accessible;2.0
dise;3.0
nier;1.0
défaut;1.0
refuse;1.0
entrée;2.0
visiteur;1.0
pardoû;1.0
préférable;1.0
économisera;2.0
débarquement;2.0
effectué;1.0
regret;1.0
réunit;1.0
travailleur;1.0
charmante;1.0
industriel;1.0
trouvera;3.0
manque;1.0
compléter;2.0
aurez;6.0
précipitera;1.0
fassiez;1.0
supprimées;1.0
supprimée;1.0
pauvre;1.0
occasionne;1.0
fournir;1.0
approvisionnement;1.0
complémentaire;2.0
coûtent;2.0
entretient;1.0
excitation;1.0
suffisante;1.0
exportation;2.0
importation;2.0
contrée;1.0
yeux;1.0
retour;3.0
exporté;1.0
importé;1.0
parti;2.0
lourd;2.0
espérés;1.0
a-t-il;3.0
prenne;1.0
froissera;1.0
sérieusement;2.0
justifié;3.0
appuyant;1.0
croyait;1.0
attirer;1.0
inverse;1.0
colonisé;1.0
réalisé;1.0
rentrent;1.0
sortent;1.0
ceccaldi;5.0
commune;3.0
entières;1.0
accroître;2.0
exciter;1.0
émigration;1.0
dépeupler;1.0
permets;2.0
ami;1.0
fournis;2.0
exposer;1.0
ressortent;1.0
amené;3.0
examinais;1.0
coupable;1.0
maintenu;2.0
défendable;1.0
passionné;1.0
retirent;1.0
chargées;1.0
oublient;1.0
lire;1.0
adressé;2.0
suppose;4.0
afrique;3.0
précision;1.0
regrette;1.0
exagérées;1.0
faux;2.0
orateur;3.0
veuillez;2.0
permettre;5.0
bout;1.0
argumentation;2.0
prétendu;1.0
porté;3.0
éten;1.0
déguiser;1.0
calcul;5.0
prolonger;1.0
donnez-les;1.0
invite;1.0
affirmé;1.0
dépassaient;1.0
allez;8.0
prends;2.0
péage;3.0
nourriture;3.0
embarquement;1.0
total;10.0
payent;4.0
engagez;3.0
exacts;2.0
admettrez;1.0
dénégation;2.0
roux;2.0
serons;2.0
offre-t-il;1.0
désavantage;1.0
croyez-vous;1.0
élevées;2.0
impose;1.0
réserver;1.0
tiers;3.0
emplacement;1.0
estelle;1.0
surface;1.0
cale;1.0
réservées;1.0
permise;1.0
principale;2.0
tonnage;2.0
vrai;6.0
constater;1.0
minerai;1.0
colis;1.0
chèrement;1.0
taxés;1.0
condenser;1.0
certainement;7.0
côtier;1.0
cherchell;2.0
ténez;1.0
visités;1.0
aussitôt;1.0
caboteur;1.0
vapeur;2.0
drainant;1.0
rade;2.0
crique;2.0
ettipaza;1.0
élève;2.0
enlèvent;1.0
produira;1.0
enlèvement;1.0
entraîneront;1.0
fréquentes;1.0
oubliera;1.0
abstraction;1.0
lintérêt;1.0
appréciez;1.0
rela-;1.0
réglées;1.0
serez;2.0
desbâtiments;1.0
action;2.0
puissants;1.0
former;1.0
convoi;1.0
homogène;1.0
marcher;1.0
allure;1.0
uniforme;1.0
protection;1.0
méconnaître;1.0
répercussion;1.0
sont-ils;2.0
exagérés;1.0
signée;2.0
alloué;1.0
minimum;5.0
compétentes;1.0
justifiée;1.0
décidez;1.0
employant;1.0
insuffisante;4.0
constituerait;1.0
abondant;1.0
sûres;1.0
justifie;2.0
acceptée;1.0
rémunération;1.0
brûlé;1.0
demandées;1.0
indirect;1.0
solliciter;1.0
passage;2.0
intensité;1.0
parfaire;1.0
complément;2.0
recette;1.0
irlande;2.0
angleterre;4.0
causerait;1.0
déboire;1.0
valoir;2.0
parlé;5.0
insuffisance;3.0
allouée;1.0
acceptait;1.0
centaine;2.0
sacoche;2.0
expédiées;1.0
poids;1.0
kilogramme;3.0
quintal;1.0
admettant;1.0
mentionné;1.0
conversation;1.0
apprendre;1.0
attribue;1.0
propos;3.0
rémunérer;1.0
insiste;4.0
constituera;1.0
acceptez;1.0
convaincu;7.0
rappellerez;1.0
indiquées;1.0
retrouverez;1.0
désire;1.0
rejetez;1.0
redouterai;1.0
richesse;1.0
beauté;1.0
climat;1.0
facteur;1.0
tout-puissants;1.0
prospérité;1.0
viendra;1.0
prochainement-où;1.0
abondance;1.0
accroissement;1.0
ardemment;1.0
désirée;1.0
deviendra;1.0
accompli;2.0
émeut;1.0
locaux;3.0
apporte;5.0
passion;2.0
amourpropre;2.0
efforcer;2.0
trouverai;1.0
atteint;2.0
parviens;1.0
surprendre;1.0
technique;2.0
large;2.0
permettrai;3.0
dirigées;1.0
remercie;1.0
expliqués;1.0
altitude;1.0
plaisanté;1.0
pouvais;1.0
agir;1.0
arrivé;2.0
mettant;2.0
pire;1.0
cham-;1.0
bre;2.0
range;1.0
préconisée;1.0
rangera;1.0
indépendance;3.0
émettre;2.0
aurons;2.0
barre;1.0
rectification;1.0
historique;1.0
lasse;1.0
conception;2.0
théoriques;1.0
conduit;1.0
contenue;1.0
illusion;1.0
financière;5.0
antérieurement;1.0
quelques-uns;1.0
excellemment;1.0
conduiraient;1.0
procéder;4.0
voulais;2.0
prévision;1.0
certitude;2.0
entendais;1.0
livré;1.0
bataille;1.0
serré;1.0
entretenais;1.0
fourni;2.0
indication;6.0
incident;1.0
éclairer;1.0
puisé;1.0
scientifique;1.0
probabilité;1.0
actuels;2.0
divisés;1.0
étonné;3.0
presse;1.0
ardente;1.0
savez;5.0
montraient;1.0
monter;1.0
souvient;1.0
expiration;5.0
consenti;1.0
notablement;2.0
modifiée;1.0
bassin;2.0
bornerai;2.0
citer;2.0
analyse;1.0
frapper;1.0
littoral;1.0
africain;1.0
droiture;1.0
rouen;1.0
quantité;3.0
notable;3.0
empruntait;1.0
autrefois;2.0
détournée;1.0
vouiez;1.0
apportez;1.0
impartial;1.0
espérez;1.0
récupérer;1.0
mercial;1.0
faiblir;1.0
baisse;1.0
attendait;1.0
nécessiterait;1.0
prévu;2.0
concurrent;3.0
serrés;1.0
condui-;1.0
utilisation;1.0
valait;1.0
dépenser;6.0
insuffisantes;1.0
prévues;3.0
causait;1.0
devais;1.0
essayer;1.0
utile;6.0
préoccupe;2.0
intéresse;1.0
interrogez;1.0
parti-;1.0
culiers;1.0
tendu;1.0
donnera;1.0
objectif;1.0
nonbre;1.0
secondaire;2.0
douloureuse;1.0
éparpillerez;1.0
cabotage;1.0
fournissant;1.0
financier;5.0
dalo;1.0
parlais;2.0
soulevé;1.0
gran;1.0
objection;3.0
constituait;1.0
table;1.0
spoliation;1.0
aaj;1.0
confère;1.0
mlque;1.0
lqu;1.0
vaut;2.0
ministérielle;3.0
consistait;1.0
sonder;1.0
faculté;1.0
atteindraient;1.0
ac-;1.0
quis;1.0
transitoires;2.0
reproché;1.0
malmené;1.0
entamer;1.0
soucieux;1.0
dignité;3.0
écrivît;1.0
reprocherais;1.0
fût;1.0
revêtu;1.0
suffit;2.0
appel;1.0
témoignage;1.0
borné;1.0
allusion;3.0
transmettre;1.0
exprimés;4.0
comparu;1.0
attendais;1.0
heurter;1.0
nom-;1.0
habitude;1.0
locale;1.0
voulaient;1.0
soupçonner;1.0
sollicitation;1.0
pressantes;1.0
portera;1.0
maîtresse;1.0
organe;1.0
dites;3.0
avezvous;1.0
usé;1.0
autorité;2.0
fréquemment;1.0
négocier;1.0
coût;2.0
similaires;1.0
entretiennent;1.0
payons;2.0
transatlatique;1.0
dénote;1.0
discuterons;1.0
ressort;2.0
sou-;1.0
acquise;2.0
saurais;2.0
confusion;1.0
construit;1.0
transforme;1.0
type;1.0
ressortira;1.0
est-àdire;1.0
compa-;1.0
occidental;2.0
comparables;1.0
camille;15.0
pelletan;6.0
comparable;3.0
çoi;1.0
analogue;3.0
connaissez;3.0
llyod;1.0
suffisamment;1.0
tardive;1.0
dicté;2.0
soumise;1.0
prendrez;1.0
contestiez;1.0
bien-fondé;1.0
cenendant;1.0
descendre;1.0
dérnière;1.0
considération;1.0
arrêtant;1.0
intermédiaire;2.0
lct;1.0
de-;1.0
mandons;1.0
obtiendrez;1.0
matérielle;2.0
supposer;3.0
empiré;1.0
entendez;2.0
ail;1.0
qutuio;1.0
cian;1.0
wuyiuuuii;1.0
répéter;2.0
hésite;1.0
serais;2.0
ajoutais;1.0
pardonnera;2.0
expression;5.0
tombée;1.0
liberté;10.0
ayons;1.0
exécutera;1.0
traduira;1.0
ques;1.0
pratiqué;1.0
essayerai;1.0
mo-;2.0
aans;1.0
manche;8.0
ecosse;1.0
australie;1.0
affecté;2.0
tomber;1.0
établissons-la;1.0
expire;1.0
quen;2.0
puissions;1.0
acculer;1.0
voyezvous;1.0
armateur;2.0
sac;2.0
portion;1.0
semestre;2.0
impossibilité;1.0
conjure;1.0
votez;1.0
indiauer;1.0
pourriez;2.0
rapporte;1.0
sagesse;1.0
commençant;1.0
discours;2.0
parlait;1.0
précédente;1.0
étudier;2.0
arriverions;1.0
serions;1.0
excessives;1.0
réclamées;1.0
arriverait;1.0
avion;2.0
spécialement;1.0
garde;1.0
financièrement;1.0
modéré;2.0
préoccupée;1.0
informé;1.0
opérait;1.0
anormal;1.0
bizarre;1.0
signe;1.0
evidemment;1.0
sanction;1.0
fixées;1.0
besogne;1.0
simplifiée;1.0
explication;3.0
expliqué;1.0
està-dire;1.0
aléa;1.0
incertitude;1.0
multipliée;1.0
trouvaient;1.0
compétents;1.0
unanimement;1.0
aillent;1.0
compétence;1.0
livreraient;1.0
donneraient;1.0
acceptable;2.0
entraver;1.0
insérée;1.0
communiquée;1.0
nulle;2.0
entière;1.0
genre;1.0
exceptionnel;1.0
incombent;2.0
attribués;1.0
successifs;1.0
apportés;1.0
imputables;1.0
puissiez;2.0
commencé;2.0
substitué;1.0
informée;1.0
sursoit;1.0
reviendrai;3.0
aléatoires;1.0
obtenus;1.0
actuelles;1.0
répondons;1.0
man;2.0
conconséquences;1.0
traduisent;1.0
eussiez;1.0
considérées;1.0
regardé;1.0
procédiez;1.0
entendiez;1.0
accepteriez;1.0
coûteux;2.0
amèneraient;1.0
voulezvous;1.0
inacceptables;1.0
écarter;2.0
assure;1.0
aurais;2.0
matériellement;2.0
dostaux;1.0
vacance;1.0
pâque;1.0
travaux;2.0
terminé;1.0
usage;1.0
excusable;1.0
désirais;1.0
regretter;1.0
ayez;4.0
amène;1.0
défendez;1.0
repoussait;1.0
proposée;1.0
considérez;1.0
épreuve;1.0
permis;1.0
mesurer;1.0
pouviez;1.0
pareil;3.0
querelle;1.0
rétrospective;1.0
attarder;1.0
vite;1.0
ellemême;1.0
trouvés;1.0
inattendue;1.0
préoccupait;1.0
probablement;1.0
élever;1.0
totalité;3.0
prêt;1.0
accélération;1.0
payerons;1.0
gurt;1.0
tôt;1.0
prendra;1.0
supplémen-;1.0
taire;1.0
concentrez;1.0
pré-;1.0
cises;1.0
combattait;2.0
disiez;2.0
payera;2.0
grosse;2.0
douteux;1.0
parcouru;1.0
retombe;1.0
entier;1.0
contredira;1.0
retombera;1.0
sûrement;1.0
paris-lyon-;1.0
litigieuse;1.0
triage;1.0
bord;2.0
entraînera;1.0
évaluée;1.0
servant;1.0
actuelle-;1.0
existaient;1.0
déduction;1.0
imputation;1.0
net;1.0
combat;1.0
cmnres;1.0
cite;2.0
invoquait;1.0
supposons;1.0
maintenez;1.0
dépassement;1.0
donnerez;2.0
majoration;2.0
arrivez;1.0
mani-;1.0
pulation;1.0
portaient;1.0
forfaitaires;4.0
parlerai;1.0
inavouable;1.0
consentis;1.0
supplément;1.0
chiffrer;4.0
donnerait;1.0
éta-;1.0
blir;1.0
extrêmeorient;1.0
parcourues;2.0
prend;1.0
offrei;1.0
extrême-orient;1.0
réelle;1.0
civil;1.0
excessive;1.0
jourde;5.0
montent;1.0
transportées;2.0
transporté;1.0
înonorame;1.0
commettait;1.0
mulet;2.0
chevaux;1.0
statistique;1.0
sortt;1.0
comptés;1.0
comptent;1.0
monte-t-n;1.0
cheval;1.0
trompe;1.0
-le;1.0
provient;1.0
imposerait;1.0
leydet;4.0
au-dessous;2.0
montant;2.0
aperçois;1.0
essentiellement;1.0
vraie;1.0
demimillion;1.0
varie;1.0
devenir;2.0
supposez;1.0
événement;1.0
ajouterez;1.0
coûter;1.0
désintéresser;1.0
permissent;1.0
aggravation;1.0
vain;1.0
passerez;1.0
obteniez;1.0
léser;1.0
respectables;1.0
maintenions;1.0
mono-;1.0
pôle;1.0
aggravant;1.0
paslfaite;1.0
suggestion;1.0
comparais;1.0
montrerais;1.0
prépondérante;1.0
dédaigner;1.0
sont-ce;1.0
tirée;1.0
commef;1.0
concède;1.0
faut-il;1.0
fréquents;1.0
perdre;1.0
commodité;2.0
coûteuse;2.0
examinez;1.0
regardez;1.0
répartit;1.0
concordent;1.0
luimême;1.0
voulus;1.0
fadministration;1.0
marae;1.0
convénients;1.0
menacé;1.0
obligeait;1.0
disperser;1.0
comptant;1.0
indifférent;1.0
variés;1.0
étude;1.0
attentive;1.0
donnait;2.0
sortie;1.0
cité;1.0
leurré;1.0
trompé;1.0
suffiisamment;1.0
constamment;1.0
traitiez;1.0
exclu-;1.0
sivement;1.0
justifiait;1.0
convention-;1.0
proposez;1.0
tourner;1.0
per-;1.0
mettrez;1.0
témoigner;1.0
surprise;1.0
stupéfaction;1.0
manifestiez;1.0
acceptât;1.0
forcée;2.0
preniez;1.0
distribuer;1.0
relevé;1.0
urgente;1.0
moitié;1.0
rempli;1.0
tâche;1.0
incombait;1.0
laissons;1.0
imprudent;1.0
produites;1.0
résumées;1.0
proposait;1.0
prorogation;2.0
prochain;2.0
libéral;1.0
ultérieure;1.0
chance;1.0
concurrente;1.0
profitable;1.0
soumettons;2.0
législatif;1.0
croyons;1.0
critiquait;1.0
recevant;1.0
vitesso;1.0
programme;1.0
permet-;1.0
tront;1.0
traversent;2.0
préconisé;2.0
atlantique;1.0
exclu;1.0
ouvert;5.0
est-elle;1.0
changée;1.0
relu;1.0
y-ai;1.0
puissantes;1.0
pussent;1.0
rencontrerez;1.0
trans-;1.0
exerce;1.0
détriment;1.0
concurrentes;2.0
nationalité;1.0
protégez;1.0
comprends;1.0
règne;1.0
réel;1.0
nierez;1.0
oue;1.0
établisse;1.0
incitée;1.0
ruiner;1.0
demandons;3.0
rester;1.0
supportés;1.0
dépensons;1.0
annuels;1.0
majorer;1.0
combattons;1.0
budgétaire;1.0
repousser;1.0
fonctionner;1.0
pourrez;2.0
téntèr;1.0
devon;1.0
décider;2.0
inviter;1.0
ratifier;2.0
serai;1.0
bref;1.0
avancée;2.0
visent;1.0
connaissance;1.0
eilet;1.0
envoyer;3.0
renfort;2.0
concourir;1.0
mobilisé;1.0
signal;1.0
permette;1.0
discrétion;1.0
préparatif;1.0
préparation;1.0
comptons;1.0
entièrement;1.0
présenteront;1.0
risque;1.0
insu;1.0
ennemi;1.0
amiral;4.0
difficiles;1.0
remplies;1.0
interruption;2.0
hâte;1.0
textuellement;1.0
écrite;1.0
journalier;1.0
aug-;1.0
menter;1.0
indifférente;1.0
auj;1.0
ourd;1.0
essentielle;1.0
éta;1.0
t-major;1.0
devront;1.0
compliquions;1.0
laissant;1.0
inutiles;1.0
comprennent;1.0
régiment;4.0
infanterie;1.0
zouave;1.0
disposons;1.0
relever;1.0
vaillantes;1.0
solide;1.0
renforcer;1.0
défende;1.0
énergiquement;1.0
joins;1.0
prier;1.0
rejet;1.0
état-major;1.0
diminution;1.0
consentir;1.0
demanderais;1.0
continue;2.0
prendrai;1.0
fasse;2.0
stratégique;1.0
connaîtrez;2.0
exiger;1.0
désolé;1.0
spécialité;1.0
habituellement;1.0
parer;1.0
éventualité;1.0
rapatrier;1.0
recours;1.0
convoyer;1.0
lanceriez;1.0
travers;1.0
protéger;1.0
excessivement;1.0
réquisitionneriez;1.0
madagascar;1.0
conscience;1.0
nuire;1.0
savions;1.0
extremis;1.0
invoquerait;1.0
affirme;1.0
patriote;1.0
effraye;1.0
aucunement;1.0
pratiquez-le;1.0
insidieuse;1.0
voulons;1.0
usez;1.0
déclarerez;1.0
revenir;1.0
assistons;1.0
métier;2.0
lamentable;1.0
agence;1.0
arranger;1.0
prorogé;1.0
prince;10.0
sourire;1.0
touché;1.0
manquent;1.0
demanderaient;1.0
résulte-t-il;1.0
mariage;1.0
indissoluble;1.0
divorce;1.0
séparation;1.0
amiable;1.0
contracté;1.0
loyauté;1.0
franchement;1.0
vendront;1.0
liquideront;1.0
actionnaire;1.0
obligataire;1.0
livreront;1.0
agriculture;1.0
persévérer;1.0
favorisé;2.0
voté;11.0
douane;1.0
exclamalions;1.0
blesser;1.0
facilité;1.0
aggravé;1.0
justesse;1.0
laissaient;1.0
fréquence;1.0
administré;1.0
navré;1.0
allions;1.0
promener;1.0
desservir;1.0
frappe;1.0
voter;2.0
effectuer;2.0
encouragement;2.0
discuté;1.0
consulter;1.0
saint;4.0
germain;1.0
inscrire;1.0
attaqué;1.0
contesté;1.0
réri;1.0
server;1.0
deman;1.0
der;2.0
imprimé;3.0
destinée;1.0
dater;2.0
ter;1.0
demanderai;1.0
mathé;4.0
vival;3.0
balandreau;4.0
lavy;4.0
delmas;3.0
montaut;4.0
leconte;4.0
berteaux;4.0
chapuis;4.0
rolland;4.0
jullien;3.0
dutreix;4.0
charonnat;4.0
fernand;4.0
rabier;4.0
blanc;14.0
lesage;7.0
beauquier;4.0
recueillis;2.0
dépouillement;4.0
votant;7.0
addition-;1.0
nelle;1.0
deviendrait;1.0
disjonction;2.0
accepte;1.0
demandée;1.0
charlesroux;1.0
oppose;1.0
demeure;1.0
assentiment;1.0
demandant;1.0
consistant;1.0
allouer;1.0
allocation;1.0
section;2.0
chap;2.0
intitulé;2.0
tripolitaine;2.0
addition;2.0
alloués;2.0
ressource;2.0
cfaccord;1.0
ordonne;1.0
quelqu;1.0
demande-t-il;1.0
règlement;1.0
samedi;2.0
interrompu;1.0
calvados;8.0
haute-marne;3.0
charente-inférieure;11.0
corrèze;5.0
haute-vienne;6.0
mahy;3.0
tête;1.0
île;1.0
feuilleton;1.0
villain;9.0
mas;4.0
taxe;3.0
vin;2.0
cidre;1.0
bière;1.0
poirés;1.0
hydromel;1.0
cot;3.0
obligatoire;1.0
hygiéniques;1.0
janvier;1.0
berry;4.0
remplacement;1.0
proportiennelle;1.0
loyer;4.0
domicile;1.0
cornudet;4.0
lenteur;1.0
poursuivre;1.0
usurpation;1.0
police;1.0
puy;1.0
commise;1.0
clermont-ferrand;1.0
rené;7.0
goblet;4.0
échangée;1.0
instruction;1.0
culte;1.0
archevêque;1.0
cambrai;1.0
manifestation;1.0
clergé;1.0
diocèse;1.0
inscrirp;1.0
hérissé;4.0
soudan;2.0
ivoire;1.0
vigné;4.0
marcel;4.0
habert;3.0
agissement;1.0
philipon;4.0
forestier;1.0
bois;4.0
distribué;1.0
perception;1.0
châlonssur-marne;1.0
distribués;1.0
levée;1.0
minute;1.0
adjoint;1.0
sténographique;1.0
alexandre;4.0
gatjdet;1.0
electeurs;1.0
quart;2.0
bulletin;1.0
déduire;1.0
suffrage;2.0
jean-isaac;2.0
lasalle;2.0
elysée;2.0
proclamé;1.0
électeur;1.0
jointe;1.0
dossier;1.0
présentées;1.0
prud;5.0
attaquer;1.0
tort;1.0
prévalu;1.0
affiche;1.0
admis;1.0
éligibilité;1.0
requises;1.0
valider;1.0
drake;4.0
indre-et-loire;5.0
pétition;3.0
viticole;1.0
montrésor;1.0
comte;54.0
lemercier;4.0
municipal;2.0
burie;2.0
bourcy;4.0
annexe;1.0
abeille;3.0
valentin;3.0
abel;3.0
adam;3.0
achille;9.0
aillières;3.0
alicot;3.0
alsace;3.0
hénm;1.0
amodru;3.0
arenberg;3.0
arène;3.0
emmanuel;3.0
argelles;1.0
arnous;3.0
audiffred;3.0
auricoste;3.0
edouard;3.0
babaud;2.0
lacroze;2.0
bachimont;3.0
balsan;3.0
bansard;3.0
barodet;3.0
barthou;3.0
basly;3.0
bastid;3.0
adrien;9.0
batiot;3.0
baudin;3.0
baulard;2.0
bepmale;3.0
bérard;6.0
ain;8.0
ernest;15.0
rhône;13.0
berdoly;3.0
berne-lagarde;3.0
bernis;3.0
bertrand;3.0
binder;3.0
maurice;9.0
bischoffsheim;3.0
bizarelli;3.0
bizot;3.0
edmond;6.0
hautes-pyrénées;6.0
haute-loire;6.0
pierre;13.0
savoie;10.0
boissy;3.0
anglas;3.0
bony-cislernes;1.0
bory;3.0
boucher;3.0
bouge;3.0
bouïfére;1.0
bourgeois;9.0
jura;6.0
bourgoin;3.0
bourrillon;2.0
bovier-lapierre;2.0
àntide;1.0
boysset;3.0
bozêrfan;1.0
braud;3.0
brice;6.0
cmeurthe-et-moselle;1.0
brincard;3.0
brindeau;3.0
brune;3.0
brunet;3.0
cabart-danneville;1.0
carnaud;3.0
carpentierrisbourg;1.0
carquet;3.0
castelin;3.0
castillard;2.0
caussanel;3.0
cavaignac;3.0
godefroy;3.0
cazes;3.0
thierry;4.0
gers;7.0
césar-lalné;1.0
chabrié;3.0
chambige;3.0
chamerlat;3.0
chandioux;3.0
chantelauze;3.0
charme;3.0
francis;3.0
charpentier;3.0
charruyer;3.0
chassaing;2.0
chaudey;3.0
chaulin-servinière;2.0
chauvière;2.0
chauvin;3.0
chavoix;2.0
chenavaz;3.0
chevallier;3.0
chevillon;3.0
christophle;3.0
albert;9.0
cibiel;3.0
clament;3.0
clément;3.0
clapot;3.0
clausel;3.0
coussergues;3.0
clédou;3.0
cluseret;3.0
denys;2.0
seine;51.0
codet;2.0
coget;3.0
compayré;3.0
constant;3.0
cosmao-dumenez;3.0
couchard;2.0
cousin;3.0
elie;3.0
couturier;3.0
crémieux;3.0
cros-bonnel;2.0
cuissart;3.0
darlan;3.0
dauzon;3.0
david;3.0
alban;3.0
deckerdavid;1.0
detontaine;1.0
defumade;3.0
dejeante;3.0
delafosse;3.0
delanne;3.0
delarue;3.0
delaunay;2.0
delbet;3.0
delpeuch;3.0
deluns-montaud;2.0
demalvilain;3.0
demarçay;3.0
baron;15.0
denêcheau;2.0
denis;3.0
denoix;3.0
deproge;3.0
derveloy;2.0
deschanel;3.0
desfarges;2.0
deshayes;3.0
desjardins;2.0
develle;3.0
deville;3.0
disleau;2.0
donan;1.0
yonne;8.0
doumergue;2.0
gaston;9.0
gard;8.0
jacques;6.0
dron;2.0
dubief;3.0
dulbois;1.0
dubost;3.0
antonin;2.0
ducos;3.0
dufaure;3.0
gabriel;2.0
dujardinbeaumetz;1.0
dumas;3.0
julien;6.0
dunaime;3.0
dupon;3.0
dupuytrem;3.0
dussaussoy;3.0
duval;3.0
eliez-evrard;3.0
escanyé;2.0
estournelles;3.0
euzière;3.0
faberot;3.0
fanien;3.0
alfred;9.0
ferry;3.0
charles;9.0
fiquet;3.0
firino;3.0
flandin;3.0
fleury-ravarin;2.0
flourens;3.0
fould;3.0
fouquet;3.0
fournol;3.0
françois;8.0
franconie;3.0
frébault;3.0
fruchier;3.0
gacon;3.0
gaillard;3.0
galpin;3.0
garnier;3.0
gaussorgues;3.0
frédéric;2.0
gauvin;3.0
gellé;3.0
genet;3.0
genoux-prachée;3.0
gérault-richard;3.0
gerville-réache;3.0
gévelot;3.0
giguet;3.0
gillot;3.0
girard;2.0
girodet;3.0
goirand;3.0
gonidec;2.0
traissan;3.0
comlf;1.0
gotteron;3.0
goujat;3.0
goujon;6.0
théophile;3.0
gironde;15.0
gourvil;3.0
goussot;3.0
gras;3.0
grau;3.0
grousset;3.0
paschal;3.0
groussier;1.0
guesde;3.0
guillemaut;3.0
guillemet;3.0
guillemin;3.0
guyot-dessaigne;3.0
hainsselin;3.0
harriague;3.0
saint-martin;8.0
hayez;3.0
hémon;3.0
henrion;3.0
herbet;3.0
horteur;3.0
hubbard;3.0
hugues;9.0
clovis;2.0
aisne;10.0
huguet;3.0
hulst;3.0
humbert;3.0
isaac;3.0
isambard;3.0
isambert;3.0
lung;1.0
jacquemin;3.0
joufjray;1.0
joiifïroy;1.0
abbans;3.0
jourdan;6.0
joseph;9.0
var;6.0
louis;15.0
lozère;4.0
juigné;3.0
jaluzot;3.0
jumel;3.0
kerjégu;3.0
krantz;3.0
labarthe;3.0
batut;3.0
bourdonnaye;3.0
vicomte;14.0
labussière;3.0
lachiêze;1.0
lacombe;3.0
lacôte;3.0
lacretelle;3.0
lafont;3.0
lamendin;3.0
lannelongue;3.0
lannes;3.0
montebello;3.0
laporte;3.0
nièvre;7.0
deux-sèvres;8.0
larochejoubert;1.0
lascombes;3.0
lasserre;3.0
laurençon;3.0
lavertujon;2.0
laville;3.0
lebaudy;3.0
borgne;3.0
lebret;3.0
lechevallier;3.0
clec;3.0
coupanec;3.0
leffet;3.0
lefoullon;3.0
gavrian;3.0
léglise;3.0
legrand;3.0
arthur;6.0
legras;3.0
mare;3.0
lemire;3.0
nord;27.0
lepez;3.0
leroy;8.0
modeste;3.0
eure;8.0
oise;7.0
senne;3.0
leteurtre;3.0
levecque;3.0
leveillé;4.0
levet;3.0
victor;3.0
leygue;3.0
raymond;5.0
haute-garonne;9.0
lhopiteau;3.0
linard;3.0
lockroy;3.0
loriot;3.0
loup;3.0
luce;3.0
casabianca;2.0
magnien;3.0
maillé;3.0
malaussena;3.0
malzac;3.0
mandeville;3.0
marchegay;3.0
marcillat;3.0
maret;3.0
marfan;3.0
martinon;3.0
maruéjouls;3.0
masson;3.0
méline;3.0
haute-saône;4.0
haute-savoie;5.0
merlou;3.0
mesureur;3.0
mézière;2.0
michau;3.0
michelin;3.0
michou;3.0
aube;8.0
millerand;3.0
milochau;3.0
mirman;2.0
montalembert;3.0
seine-etmarne;2.0
montfort;3.0
moret;3.0
morillot;2.0
mougeot;3.0
mougin;3.0
moustier;3.0
marquis;8.0
naquet;3.0
néron;3.0
balle;1.0
nosl;1.0
dionys;2.0
orlol;1.0
ornano;3.0
cuneo;3.0
orsat;3.0
ouvré;3.0
pajot;3.0
papelier;3.0
paulin-méry;2.0
paulmier;3.0
pédebidou;3.0
perrier;3.0
antoine;6.0
plissonnier;3.0
pochon;3.0
pontallié;3.0
pontbriand;3.0
breil;3.0
porteu;3.0
armand;4.0
poupin;3.0
pourquery;3.0
boisserin;3.0
pourteyron;3.0
prudent-dervillers;3.0
homme-havette;2.0
quintaa;3.0
raiberti;3.0
rameau;3.0
rauline;3.0
réal;3.0
reboulin;3.0
regnault;3.0
reinach;3.0
rémusat;3.0
ult-morliére;1.0
rey;6.0
ricard;5.0
seineinférieure;2.0
riotteau;3.0
rivet;3.0
roch;3.0
roche;5.0
rose;3.0
rousse;3.0
rouvier;3.0
rouvre;3.0
bourion;1.0
royer;3.0
rubillard;3.0
saintquentin;2.0
sarrien;2.0
saumande;3.0
sauvanet;3.0
sauzet;3.0
sembat;3.0
sentenac;3.0
sibille;3.0
siegfried;3.0
signard;3.0
simon;3.0
amaury;3.0
sirot-mallez;3.0
soland;3.0
sonnery-martin;3.0
souhet;3.0
tailliandier;2.0
talou;3.0
tardif;3.0
theulier;2.0
thivrier;3.0
thonion;3.0
thorelthoulouze;1.0
tiphaine;3.0
toussaint;3.0
trannoytrouillot;1.0
turigny;2.0
turrel;4.0
adolphe;3.0
vaillant;4.0
vallé;2.0
vallon;3.0
vau;3.0
vichot;2.0
viger;3.0
villejean;2.0
villiers;3.0
viox;3.0
vii;1.0
val;1.0
viviani;2.0
vogeli;2.0
vogüé;1.0
melchiorde;1.0
vuillod;3.0
walter;3.0
weil-mallez;3.0
wignacourt;3.0
wilson;3.0
armez;3.0
caze;3.0
charlesdupuy;1.0
dejean;3.0
moign;3.0
myre;3.0
vilers;3.0
troadec;2.0
périer;3.0
larsan;3.0
alype;1.0
rozet;3.0
albin;3.0
thierry-delanoue;2.0
alasseur;3.0
bascou;3.0
baudry;3.0
asson;3.0
geo;1.0
drôme;7.0
pau;1.0
vendée;8.0
broglie;3.0
carnot;3.0
cazenove;2.0
pradine;3.0
chautemps;3.0
colbert-laplace;3.0
dansette;3.0
delombre;3.0
descubes;3.0
bodan;3.0
dupuy-dutemps;3.0
elva;3.0
gamard;3.0
gasnier;3.0
gavini;4.0
vini;1.0
sébastien;3.0
gérard;3.0
grandi;1.0
gruet;3.0
guichard;3.0
guieysse;3.0
gnard;1.0
halgouet;2.0
lieutenant-colonel;5.0
basses-aldes;1.0
kergariou;3.0
ferronnays;3.0
lanj;1.0
noue;3.0
lar;1.0
taye;1.0
rioust;3.0
rochefoucau;1.0
doudeauville;3.0
rochejaquelein;3.0
marquisrprf;1.0
laroze;3.0
lévis-mirepoix;3.0
leygues;3.0
tbes;1.0
lot-et-garonne;6.0
lorois;3.0
mackau;3.0
mahv;1.0
bert;1.0
marmottan;3.0
maurice-fauronivert;1.0
obissier;3.0
and;1.0
passy;3.0
plichon;3.0
poincaré;3.0
ray;1.0
prax-paris;3.0
ravnal;1.0
reille;4.0
savoio;1.0
rihot;1.0
itohan;1.0
duc;5.0
rouzaud;3.0
serpf;1.0
saint-marlin;1.0
schneider;3.0
gusman;2.0
surchamp;2.0
thonnard;3.0
temple;2.0
trélat;3.0
witt;3.0
conrad;3.0
absent;2.0
bizouard-bert;2.0
ille-el;1.0
vilain;3.0
calvinhac;3.0
delcassé;3.0
deloncle;3.0
dindeau;2.0
farjon;3.0
fougeirol;2.0
froment;3.0
gautier;3.0
gellibert;3.0
seguins;3.0
gendre;3.0
gervais;3.0
guérin;3.0
lacroix;3.0
lastevrie;1.0
mielvacque;3.0
lacour;3.0
mun;3.0
odilon-barrot;2.0
pétrot;3.0
aristide;3.0
isère;10.0
richard;3.0
terrier;3.0
tréveneuc;3.0
viellard;3.0
annoncés;2.0
vérification;2.0
rectifiés;1.0
liste;2.0
ci-dessus;2.0
varticle;1.0
hénin;2.0
argeliès;2.0
comtede;1.0
bony-cisternes;2.0
bougère;2.0
bozérian;1.0
meurthe-;1.0
et-moselle;2.0
cabart;1.0
danneville;1.0
carpentier;1.0
risbourg;1.0
hautegaronne;2.0
charles-dupuy;1.0
chaulinservinlère;1.0
çoçherv;1.0
denvs;1.0
saina;1.0
lodet;1.0
bouchard;1.0
decker;1.0
ayid;1.0
delroas;1.0
delunsj;1.0
ntaud;1.0
enêcheau;1.0
eloy;1.0
dorian;2.0
epgue;1.0
tonîl;1.0
dubois;2.0
anilin;1.0
gqbriel;1.0
dujardinaumetz;1.0
escanyê;1.0
fleuryravarin;1.0
gomdec;1.0
guignard;2.0
iung;2.0
jouffray;2.0
jouffroy;2.0
lachiôze;1.0
deuxsèvres;1.0
laroche-joubert;2.0
la-;1.0
vertujon;1.0
maurice-faure;1.0
seine-et-marne;4.0
ivert;1.0
noël;2.0
oriol;2.0
paulin;1.0
-méry;1.0
pierre-alype;1.0
homme-iiavette;1.0
raynal;2.0
renault-morlière;2.0
ribot;2.0
rlcard;1.0
bourlon;2.0
saint-quentin;1.0
surchamptailliaiidier;1.0
theu-;1.0
lier;1.0
delanoue;1.0
thorel;2.0
thoulouse;2.0
trannoy;2.0
trouillot;2.0
yichot;1.0
viilejeaii;1.0
vogeil;1.0
yogüé;1.0
melchior;1.0
chauvi;1.0
ère;1.0
defontaine;2.0
groassier;1.0
vivianl;1.0
césar-laîné;1.0
gavinl;1.0
grandmaison;2.0
ilalgouet;1.0
basses-alpes;6.0
lanjuinais;2.0
largentaye;2.0
rochefoucauld;2.0
cerf;2.0
letroadec;1.0
xemile;1.0
lleille;1.0
rohan;2.0
serph;2.0
dizouard-bcrt;1.0
dou;1.0
denoot;1.0
ille-et-vilaine;7.0
lientenant-colonel;1.0
lasteyrie;2.0
moroux;2.0
tectifiés;1.0
ajournement;2.0
vosges;7.0
pas-de-calais;8.0
vienne;6.0
seine-et-oise;8.0
alpes-maritimes;3.0
côted;2.0
maine-et-loire;7.0
bovierlapierre;1.0
puy-de-dôme;4.0
tarn;6.0
sénégal;1.0
decker-david;1.0
ariège;3.0
meuse;4.0
allier;6.0
guadeloupe;2.0
loire-inférieure;7.0
côtes-du-nord;8.0
morbihan;6.0
eure-et-loir;3.0
creuse;6.0
aveyron;7.0
seine-eti;1.0
ille-et;1.0
alpesmaritimes;1.0
hérault;6.0
saône-et-loire;7.0
finistère;9.0
loiret;5.0
orne;5.0
doubs;4.0
tarn-et-garonne;3.0
meurthe-et-moselle;5.0
lande;5.0
christian;1.0
-de-calais;1.0
bassespyrénées;3.0
dyonis;1.0
ille-et-;1.0
gus;1.0
pas-de-càlais;1.0
vallée;1.0
indre;5.0
cantal;4.0
castiùard;1.0
sarthe;6.0
cazanove;1.0
-cochin;1.0
eure-et-loire;1.0
dujardin-beaumetz;1.0
aude;5.0
saone-et-loire;1.0
seine-etoise;1.0
dordogne;8.0
ardèche;5.0
loire;8.0
-turigny;1.0
charente;6.0
bouches-du-rhône;7.0
hautes-alpes;3.0
lerov;1.0
hautemarne;1.0
charles-;1.0
dupuy;1.0
hautesaône;2.0
puyde-dôme;2.0
ila;1.0
martinique;2.0
desiarges;1.0
groussler;1.0
cochinchine;1.0
zières;1.0
odilon;1.0
barrot;1.0
rocle;1.0
morbr;1.0
han;1.0
sarriel;1.0
ple;1.0
vogué;1.0
chior;1.0
lard;1.0
bourrillod;1.0
zère;1.0
rian;1.0
loir-et-cher;4.0
seine-ln;1.0
rieure;1.0
charefl;1.0
chavo;1.0
delaun;1.0
corrèzedindeau;1.0
foii;1.0
geirol;1.0
rie;1.0
rard;1.0
sao;1.0
ang-;1.0
et-loire;1.0
doubs-;1.0
meurthe;1.0
babaud-lacroze;1.0
cab;1.0
anne;1.0
chassaing-;1.0
guyane;1.0
înistere;1.0
ciovis;1.0
àlauricefaure;1.0
eureet-loir;1.0
pierre-alvpc;1.0
inde;1.0
loireinférieure;1.0
puy-dedôme;1.0
pas-decalais;1.0
nivert;1.0
crosbonnel;1.0
côtes-dunord;1.0
haut-rhin;1.0
-aynard;1.0
bouchesdu-rhône;1.0
carpentier-risbourg;1.0
césarlaîné;1.0
francois;1.0
-jullien;1.0
lachièze;1.0
casablanca;1.0
haute-savole;1.0
-mirman;1.0
-morillot;1.0
