;1898-01-17
chambre;105.0
député;16.0
législ;1.0
session;1.0
ordinaire;11.0
compte;14.0
rendu;3.0
extenso;1.0
séance;22.0
lundi;2.0
janvier;18.0
sommaire;1.0
procès-verbal;6.0
decker-david;9.0
boudenoot;9.0
excuse;3.0
demande;93.0
congé;16.0
adoption;34.0
projet;30.0
loi;42.0
tendant;10.0
autoriser;2.0
département;9.0
pas-de-calais;2.0
imposer;4.0
extraordinairement;4.0
assistance;1.0
vieillard;2.0
infirme;3.0
incurables;2.0
indigent;2.0
secours;17.0
famille;43.0
ouvrier;16.0
agricoles;3.0
misère;3.0
ville;26.0
montauban;1.0
tarn-et-garonne;2.0
déclaration;10.0
urgence;9.0
objet;15.0
modifier;4.0
article;22.0
août;4.0
portant;7.0
utilité;4.0
publique;4.0
chemin;9.0
fer;8.0
gerbéviller;5.0
bruyère;5.0
suite;23.0
discussion;41.0
fixation;7.0
budget;62.0
général;11.0
dépense;43.0
recette;11.0
exercice;9.0
poste;90.0
télégraphe;65.0
téléphone;4.0
chap;35.0
indemnité;82.0
amendement;95.0
frébault;21.0
sous-secrétaire;81.0
etat;104.0
rejet;7.0
scrutin;43.0
lavy;41.0
vogeli;8.0
rapporteur;36.0
grenier;16.0
retrait;2.0
lemire;46.0
dauzon;10.0
munin-bourdin;16.0
chapitre;71.0
jourde;18.0
modifié;3.0
modiûé;1.0
matériel;6.0
bureau;45.0
alexandre;13.0
bérard;16.0
ain;11.0
soussecrétaire;4.0
groussier;22.0
impression;8.0
publication;3.0
guillemet;11.0
ministre;18.0
commerce;8.0
industrie;10.0
modifiés;1.0
subvention;11.0
service;117.0
maritime;11.0
newyork;1.0
antilles;3.0
prime;3.0
vitesse;3.0
caisse;4.0
nationale;15.0
épargne;2.0
jules;74.0
legrand;16.0
approuvant;2.0
convention;7.0
passée;4.0
nord;23.0
allocation;22.0
audit;2.0
vue;18.0
construction;10.0
prison;6.0
cellulaires;3.0
lille;3.0
douai;3.0
million;18.0
franc;27.0
compensation;3.0
emploi;10.0
antérieurement;6.0
fond;7.0
destinés;4.0
création;4.0
dépôt;7.0
mendicité;3.0
reprise;3.0
pénitentiaire;12.0
communication;2.0
interpellation;30.0
godefroy;17.0
cavaignac;35.0
note;6.0
agence;3.0
havas;3.0
inter-;1.0
pellation;1.0
beauregard;21.0
me-;1.0
sures;1.0
gouvernement;41.0
prendre;14.0
arrêter;2.0
man;3.0
uvres;3.0
syndicat;2.0
dreyfus;2.0
président;116.0
conseil;25.0
agriculture;3.0
renvoi;12.0
motion;3.0
ordre;21.0
fleury-ravarin;4.0
proposition;20.0
dégrever;2.0
carte;3.0
jouer;2.0
frapper;2.0
impôt;2.0
spécial;4.0
jeu;3.0
argent;3.0
pratiqué;2.0
cercle;3.0
casino;2.0
présidence;1.0
iienri;1.0
brisson;6.0
ouverte;1.0
jean;1.0
codet;6.0
secrétaire;8.0
donne;6.0
lecture;4.0
samedi;1.0
dernier;18.0
porté;14.0
journal;3.0
officiel;2.0
abstenu;5.0
addition;2.0
proposée;4.0
néron-bancel;7.0
jour;57.0
déclare;13.0
absent;7.0
salle;1.0
présent;6.0
aurais;4.0
voté;26.0
erreur;11.0
avant-hier;1.0
volontairement;2.0
resté;1.0
fidèle;1.0
vote;31.0
émis;2.0
décembre;6.0
relative;2.0
mécanicien;1.0
texte;3.0
soumis;6.0
crois;16.0
mal;5.0
contraire;7.0
intérêt;21.0
agent;64.0
voulons;5.0
défendre;1.0
cause;4.0
adopté;45.0
morlot;8.0
boissy;5.0
anglas;5.0
brincard;7.0
excusent;4.0
pouvoir;11.0
assister;4.0
guillain;5.0
alasseur;7.0
porteu;7.0
demain;11.0
leffet;5.0
milochau;4.0
villain;5.0
pierre-alype;5.0
tardif;7.0
lachièze;5.0
hémon;5.0
charles;25.0
ferry;7.0
loriot;6.0
chenavaz;6.0
demandent;2.0
renvoyées;1.0
commission;36.0
local;3.0
appelle;6.0
adopte;1.0
successivement;5.0
forme;6.0
réglementaires;1.0
lieutenant-colonel;14.0
halgouet;8.0
unique;8.0
autorisé;1.0
conformément;8.0
faite;5.0
an;32.0
partir;11.0
centime;21.0
additionnel;1.0
principal;22.0
butions;1.0
directes;2.0
produit;6.0
restera;1.0
exclusivement;3.0
applicable;1.0
payement;3.0
pension;2.0
annuelles;1.0
condition;23.0
fîxéef;1.0
mar;4.0
imposition;2.0
recouvrée;1.0
indépendamment;1.0
extraordinaires;1.0
maximum;12.0
fixé;4.0
année;22.0
finance;8.0
vertu;1.0
demontaubaij;1.0
autorisée;1.0
additionnels;1.0
contribution;3.0
évalué;1.0
totalité;2.0
somme;38.0
servira;1.0
compléter;3.0
gage;1.0
emprunt;1.0
engagement;5.0
précédemment;2.0
contractés;1.0
relatif;2.0
délibération;4.0
ayajt;1.0
accord;15.0
gouverment;1.0
prie;9.0
vouloir;11.0
déclarer;4.0
consulte;6.0
consultée;4.0
générale;4.0
question;30.0
savoir;8.0
entend;3.0
passer;6.0
décide;3.0
rectifié;1.0
suit;3.0
art;3.0
déclaré;1.0
blique;1.0
titre;4.0
établisses;1.0
ment;1.0
gerbévillet;1.0
passant;3.0
saint-maitf;1.0
rice;1.0
rambervillers;2.0
autrey;1.0
constamment;3.0
rive;1.0
gauche;38.0
mortagne;1.0
section;2.0
comprise;1.0
mis;10.0
voix;28.0
jol;1.0
arrêtée;1.0
vendredi;4.0
poster;1.0
resta;1.0
giy;1.0
examiner;7.0
chiffre;29.0
parvenu;1.0
signé;1.0
tend;5.0
augmenter;10.0
crédit;50.0
porter;15.0
conséquence;14.0
relever;10.0
logement;6.0
facteur;53.0
prévue;2.0
paragraphe;1.0
frai;22.0
séjour;17.0
pari;23.0
grand;21.0
Monsieur;43.0
honneur;15.0
soumettre;3.0
séj;1.0
our;1.0
accorder;7.0
instant;4.0
bienveillante;3.0
attention;4.0
permettre;3.0
justifier;4.0
lorsqu;10.0
agit;13.0
presque;3.0
recrutés;2.0
ancien;3.0
sous-officier;1.0
rengagé;1.0
contredit;1.0
avance;1.0
écrasant;1.0
véritable;6.0
surmenage;4.0
entraîne;3.0
sérieux;3.0
responsabilité;8.0
exige;2.0
part;23.0
chargé;7.0
honnêteté;1.0
épreuve;1.0
correspondent;1.0
appointement;13.0
absolument;12.0
dérisoires;1.0
insuffisants;1.0
viendra;1.0
combattre;1.0
tribune;19.0
partage;1.0
opinion;1.0
point;15.0
coup;1.0
rapide;1.0
jeté;1.0
situation;42.0
homme;21.0
convaincra;1.0
placé;2.0
nombre;55.0
rétribués;4.0
fonction;19.0
pénibles;5.0
distributeur;6.0
lettre;13.0
attaché;9.0
fixe;4.0
souvent;8.0
imposent;1.0
extrêmement;2.0
entrée;2.0
administration;55.0
qualité;4.0
leveurs;4.0
boîte;3.0
rempli;1.0
appelé;9.0
centrale;13.0
participer;2.0
distribution;17.0
imprimé;3.0
rouleur;2.0
est-à-dire;9.0
remplacent;2.0
tantôt;2.0
quartier;20.0
malade;2.0
permissionnaire;2.0
bout;5.0
contribuer;1.0
assistant;1.0
uoois;1.0
titulaire;4.0
commune;6.0
annexées;2.0
reste;4.0
existence;7.0
administratif;7.0
temps;9.0
long;3.0
faire;47.0
partie;8.0
personnel;42.0
arrivent;2.0
augmentation;21.0
successives;1.0
accordé;11.0
dépasser;1.0
sais;4.0
arriver;4.0
sous-chef;2.0
chef;11.0
cas;16.0
permette;4.0
répondre;8.0
anticipation;1.0
donné;6.0
choix;2.0
conséquent;5.0
faveur;4.0
côté;4.0
corps;2.0
espoir;4.0
faut;13.0
trouver;6.0
exceptionnelles;2.0
soient;5.0
touchent;8.0
chaussure;3.0
reçoivent;5.0
tunique;1.0
pantalon;3.0
drap;2.0
treillis;1.0
autrefois;4.0
touchaient;5.0
manteau;1.0
résumé;2.0
premièrea;1.0
peine;6.0
suffisant;3.0
face;5.0
besoin;10.0
urgents;1.0
retient;1.0
retraite;25.0
voyons;2.0
postal;14.0
conservé;1.0
autonomie;1.0
chacune;2.0
correspond;1.0
organisé;2.0
divisé;1.0
rayon;3.0
entourent;2.0
forment;2.0
autour;3.0
partent;1.0
divergent;1.0
allant;1.0
boulevard;2.0
extérieur;2.0
arrêtent;1.0
région;2.0
divisée;1.0
varient;1.0
vingt-deux;1.0
desservi;2.0
varie;3.0
importance;3.0
simple;4.0
délivrées;1.0
concierge;1.0
mission;1.0
distribuer;2.0
recommandées;1.0
chargées;2.0
recouvrement;1.0
recommandé;1.0
poids;2.0
inférieur;3.0
dimension;1.0
centimètre;1.0
recouvrer;3.0
industriel;5.0
occasion;5.0
petit;7.0
bénéfice;6.0
pécuniaires;2.0
croyez;1.0
important;1.0
seul;6.0
employé;46.0
chargement;2.0
remis;1.0
personnellement;1.0
destinataire;1.0
habitent;2.0
étage;2.0
ai-je;1.0
insister;2.0
longuement;1.0
montrer;4.0
incombent;2.0
travail;26.0
perdre;1.0
bijou;1.0
chargée;2.0
contenant;1.0
importante;3.0
aller;6.0
déclarée;1.0
délivrent;1.0
remboursement;1.0
recevoir;3.0
mauvais;2.0
obligé;16.0
remplacer;1.0
bonne;3.0
croirais;1.0
abuser;2.0
singulièrement;2.0
précieux;1.0
moment;9.0
pénible;4.0
examinais;1.0
catégorie;19.0
ensemble;7.0
constitue;1.0
contenterai;1.0
renseignement;3.0
viens;4.0
donner;13.0
suffira;1.0
former;1.0
conviction;2.0
roulement;5.0
porte;13.0
lendemain;3.0
veille;1.0
journée;14.0
espère;4.0
prouver;1.0
modicité;3.0
ressource;6.0
insuffisance;1.0
loger;11.0
loin;9.0
transforment;1.0
déjà;10.0
station;6.0
voiture;9.0
matin;9.0
conduit;2.0
participe;1.0
préparation;5.0
ramené;4.0
commencée;5.0
demie;2.0
finit;4.0
midi;5.0
affecté;4.0
centre;27.0
vie;5.0
commerciale;1.0
excessivement;1.0
intense;2.0
quitté;2.0
quelquefois;1.0
tard;2.0
terminé;4.0
achevé;1.0
précises;1.0
ensuit;1.0
liberté;7.0
dis;5.0
repos;5.0
second;5.0
raison;22.0
économie;4.0
justifiée;3.0
appellent;3.0
exemple;8.0
aflecté;1.0
palais-royal;1.0
grenelle;1.0
forcé;1.0
repas;2.0
quart;2.0
ajoutant;2.0
fatigue;6.0
inhérente;1.0
manque;2.0
prend;3.0
commence;6.0
edistribution;1.0
libre;5.0
veut;10.0
user;2.0
rendre;6.0
redoublement;1.0
retourner;2.0
pied;6.0
revenir;1.0
également;5.0
ramène;1.0
soir;7.0
laborieuse;1.0
minute;8.0
serai;1.0
certainement;5.0
accusé;1.0
exagération;1.0
nécessaire;14.0
regagner;1.0
domicile;3.0
duré;1.0
parcouru;1.0
sens;5.0
monté;2.0
considérable;5.0
distance;1.0
sépare;1.0
tôt;4.0
pras;1.0
lieu;17.0
obser-;1.0
vations;1.0
passe;1.0
longue;2.0
jour-là;2.0
suppose;1.0
lever;1.0
ire;1.0
procéder;1.0
termine;2.0
moyen;3.0
permettent;2.0
allée;1.0
venue;1.0
passent;1.0
retour;1.0
emmène;1.0
central;1.0
continuellement;1.0
haleine;1.0
disposition;6.0
est-àdire;1.0
habite;2.0
assigné;1.0
dite;1.0
vrai;9.0
parler;5.0
habituel;1.0
normal;4.0
dois;7.0
constater;1.0
plaisir;1.0
supprimé;1.0
dimanche;2.0
jugées;1.0
inutiles;1.0
banque;3.0
établissement;2.0
fermé;1.0
signale;3.0
adoucissement;1.0
signaler;3.0
aggravation;2.0
époque;5.0
température;1.0
rude;1.0
froid;1.0
doublé;1.0
correspondance;1.0
particulières;2.0
échange;1.0
visite;1.0
manger;1.0
trouve;7.0
forte;3.0
nourri;1.0
généreux;1.0
accorde;4.0
double;3.0
habituellement;1.0
corrects;1.0
conduite;1.0
adressèrent;1.0
doléance;2.0
direct;1.0
roche;12.0
furent;1.0
reçu;4.0
écouta;1.0
bienveillance;2.0
promit;2.0
possible;11.0
améliorer;4.0
savez;4.0
précaire;1.0
tomba;2.0
modestes;4.0
présentèrent;1.0
successeur;1.0
siegfried;2.0
tint;1.0
langage;1.0
net;3.0
cour;5.0
ferait;3.0
pourrait;13.0
sort;1.0
lors;7.0
droit;22.0
réclamation;4.0
tenir;3.0
promesse;3.0
juin;1.0
lockroy;7.0
déposa;1.0
pétition;4.0
demandant;2.0
initiaux;1.0
fussent;1.0
arrivant;1.0
biennale;1.0
enfin;6.0
déposé;16.0
obtinrent;1.0
fût;4.0
portée;7.0
seule;1.0
aient;3.0
obtenue;1.0
est-elle;1.0
apparente;1.0
réelle;1.0
auparavant;2.0
destinée;1.0
indemniser;1.0
perte;2.0
pourraient;1.0
chargeait;1.0
réparation;1.0
vêtement;2.0
estiment;1.0
annuelle;2.0
total;6.0
voyez;3.0
enlevé;1.0
définitive;2.0
énumération;3.0
élément;2.0
entrent;1.0
composition;1.0
convaincre;1.0
classés;1.0
attirer;1.0
rudes;1.0
travaux;9.0
fatigants;1.0
nécessité;4.0
impose;1.0
considérés;2.0
représentatifs;1.0
plaçant;2.0
exceptionnelle;1.0
prenant;3.0
célibataire;3.0
arrondissement;4.0
situé;1.0
insuffisante;2.0
dépenser;2.0
éviter;1.0
déplacement;20.0
loyer;11.0
sortons;1.0
rentrer;1.0
prenons;3.0
marié;2.0
pourra;5.0
éloignés;2.0
avenue;1.0
lowendal;1.0
éloigné;1.0
composé;2.0
cuisine;1.0
loue;1.0
intérieur;4.0
lou;1.0
rait;1.0
deman;1.0
gagne;1.0
peut-il;1.0
affecter;1.0
poser;2.0
résoudre;1.0
négative;1.0
centré;1.0
détriment;2.0
santé;3.0
indéfiniment;1.0
supporter;2.0
condamné;1.0
borner;1.0
argumentation;2.0
tenu;4.0
yeux;3.0
urgent;1.0
subi;1.0
changement;2.0
prix;6.0
augmenté;4.0
proportion;3.0
considérables;3.0
accrue;1.0
adoptant;2.0
voudrez;2.0
zélé;1.0
probes;1.0
rendent;2.0
public;6.0
hautement;3.0
appréciés;1.0
témoignage;2.0
sympathie;1.0
constante;1.0
sollicitude;7.0
cessez;1.0
témoigner;1.0
humbles;1.0
applaudisse;1.0
ments;1.0
edouard;8.0
delpeuch;11.0
honorable;28.0
relèvement;22.0
observer;3.0
difficile;2.0
sous-agents;25.0
réclame;2.0
serait;15.0
fatalement;1.0
entraînée;1.0
étendre;4.0
gardien;24.0
aurait;3.0
envisager;1.0
est-il;3.0
demandé;5.0
précisément;2.0
donnait;2.0
accordant;1.0
avez;8.0
songé;2.0
porterait;1.0
nouvelle;6.0
libéralité;2.0
rappeler;5.0
bouge;11.0
ricard;15.0
étend;2.0
france;12.0
résidence;9.0
faudrait;5.0
choisir;3.0
système;2.0
semble;6.0
opération;1.0
exclusive;1.0
allez-vous;1.0
doubler;1.0
taux;2.0
voir;2.0
engagez;1.0
actuelle;5.0
sensiblement;3.0
supérieur;6.0
touchen;1.0
sorte;5.0
prévoyant;1.0
donnerait;3.0
allé;1.0
chiffré;1.0
convient;1.0
entraînerait;5.0
relevez;1.0
ferezvous;1.0
écarter;3.0
immédiatement;6.0
dame;3.0
traitement;29.0
arriverait;1.0
engager;4.0
atteindrait;1.0
adjure;1.0
mesure;15.0
égard;3.0
fonctionnaire;11.0
songer;1.0
contribuable;1.0
supplie;2.0
repousser;3.0
ferai;1.0
acte;4.0
simplement;3.0
humanité;2.0
carnaud;8.0
insolite;1.0
hiérarchiquement;1.0
parlant;3.0
comparé;1.0
nature;5.0
met;1.0
ruraux;1.0
coupé;1.0
desservir;1.0
indique;8.0
réclament;1.0
détruit;1.0
allouée;6.0
actuellement;10.0
accordez;1.0
continuera;2.0
extrême;13.0
consiste;1.0
camille;24.0
krantz;7.0
repousse;6.0
mets;18.0
signée;7.0
vaillant;8.0
bourrât;7.0
chauvière;6.0
basly;7.0
dejeante;8.0
lamendin;7.0
couturier;7.0
defontaine;6.0
renou;7.0
leygue;8.0
gendre;8.0
pajot;8.0
rouanet;7.0
baulard;8.0
deville;6.0
chauvin;7.0
ouvert;7.0
recueillis;6.0
dépouillement;11.0
résultat;10.0
votant;18.0
majorité;18.0
absolue;18.0
millerand;7.0
mesureur;7.0
gillot;7.0
proposent;3.0
distribué;2.0
contenait;1.0
vient;11.0
obligeance;1.0
indiquer;4.0
exact;2.0
réclamons;1.0
ambulant;38.0
permettez-moi;2.0
visez;1.0
commis;53.0
applique;1.0
expliquer;3.0
effectif;1.0
perçoivent;1.0
rémunération;14.0
but;7.0
couvrir;1.0
voyage;3.0
astreints;1.0
excèdent;1.0
normale;1.0
exigent;2.0
direction;4.0
sousagents;5.0
brigadiers-chargeurs;1.0
momentanés;1.0
causés;1.0
maladie;4.0
perdent;1.0
durée;1.0
remplacement;1.0
jamais;4.0
fixée;2.0
province;3.0
classe;3.0
brigade;4.0
inspecteur;3.0
ligne;8.0
directeur;6.0
invoquer;1.0
antérieurs;1.0
fournir;2.0
adressé;2.0
octobre;4.0
répondait;1.0
terme;8.0
récemment;2.0
sous-;1.0
amélioration;4.0
connaître;4.0
exprimés;1.0
observation;8.0
ci-après;1.0
li;3.0
invoqué;1.0
pétitionnaire;1.0
visait;2.0
alloués;2.0
montant;1.0
sédentaire;3.0
février;4.0
repoussé;1.0
élevé;5.0
toutefois;3.0
bénéficier;2.0
avantage;3.0
correspondant;1.0
collègue;20.0
avril;3.0
explique;1.0
existe;2.0
recevant;1.0
ajoute;4.0
subordonné;1.0
parlement;5.0
mettre;3.0
considéré;1.0
invite;2.0
adressée;1.0
sénat;2.0
espéré;1.0
quelques-uns;3.0
consentiraient;1.0
demander;8.0
voter;10.0
relevant;1.0
demandons;5.0
banc;23.0
motif;5.0
paraît;4.0
fort;2.0
bulletin;2.0
mensuel;2.0
numéro;1.0
relève;1.0
décision;5.0
date;9.0
rétroactif;2.0
appliquée;3.0
réintégrés;2.0
lit;2.0
ministérielle;1.0
conçue;2.0
abrogées;1.0
dé-;1.0
cision;1.0
réduit;4.0
disponibilité;2.0
satisfaire;1.0
militaire;4.0
quitter;1.0
dûment;1.0
constatées;1.0
postérieurement;2.0
recevront;3.0
leufc;1.0
continué;1.0
abaissée;1.0
arrêté;2.0
décidé;3.0
momentanément;2.0
seraient;6.0
rentré;1.0
recevraient;1.0
entrant;2.0
venons;1.0
estimait;1.0
devoir;4.0
peut-elle;2.0
està-dire;1.0
aurait-on;2.0
concerne;9.0
avancement;5.0
diminuer;1.0
aperçois;1.0
signe;2.0
aquiescement;1.0
doute;6.0
rends;1.0
vois;1.0
naître;2.0
lèvre;1.0
meilleur;4.0
lent;2.0
importerait;1.0
mieux;4.0
venir;6.0
a-t-il;2.0
intervenir;1.0
considération;10.0
croyais;1.0
agissait;1.0
sagissait;1.0
portion;1.0
détachée;1.0
route;1.0
supplément;4.0
dût;1.0
réduire;4.0
hôtel;4.0
sont-ils;1.0
diminués;1.0
payerait-on;1.0
vivres;1.0
seraient-ils;1.0
doutera;1.0
réduite;1.0
totale;5.0
détail;3.0
passeraient;1.0
au-;1.0
raient;1.0
relevée;3.0
auraient;2.0
place;3.0
remplissent;3.0
analogue;3.0
changé;1.0
justifié;2.0
destiné;1.0
vextrême;7.0
élève;2.0
cliiffro;1.0
fournis;2.0
monterait;1.0
contrairement;1.0
dit;8.0
améliorée;4.0
souhaité;1.0
bénéficié;1.0
importantes;3.0
finalement;1.0
actuel;4.0
ré-;1.0
cente;1.0
exercée;1.0
reconnais;2.0
chose;3.0
légèrement;2.0
comptons;1.0
prochain;3.0
uniformément;1.0
contesté;1.0
exactitude;1.0
borné;1.0
préciser;2.0
puis;6.0
désirez;1.0
volontiers;1.0
verraient;2.0
présenter;4.0
insiste;2.0
davantage;1.0
présenté;1.0
cepter;1.0
indiquait;2.0
obtenu;1.0
retardé;1.0
répète;6.0
représente;2.0
supplémentaires;3.0
accompli;2.0
réel;1.0
affaire;10.0
fallait;3.0
indispensable;2.0
consentirait;1.0
avoue;1.0
faible;3.0
pensé;1.0
cru;1.0
redire;1.0
répéterai;1.0
essentielle;2.0
argument;3.0
pouvez;2.0
avez-vous;1.0
abaissé;1.0
occupe;2.0
annuellement;1.0
augmentée;1.0
sensible;1.0
restée;1.0
stationnaire;1.0
parlait;1.0
trompe;2.0
pouvait;3.0
touchait;1.0
reçoit;4.0
alloué;1.0
récernmenf-;1.0
émolument;2.0
scus;1.0
demeure;1.0
ont-ils;1.0
décomposant;1.0
manière;8.0
majoré;1.0
courriers-convoyeur;1.0
fondé;3.0
plaindre;1.0
moyenne;1.0
antf;1.0
iii;2.0
ralèvements;1.0
utile;2.0
assimilation;9.0
établir;4.0
spéciale;6.0
convenez;1.0
établissez;1.0
confusion;2.0
voulue;1.0
prochainement;3.0
intéressante;2.0
parlé;5.0
regrette;1.0
budgétaires;3.0
associer;2.0
demanderai;4.0
vingt-cinq;4.0
reviser;1.0
mathé;7.0
bony-cisternes;5.0
chambige;8.0
genet;8.0
rabier;8.0
bienvenu;7.0
martin;8.0
clapot;7.0
duvigneau;5.0
crémieux;6.0
dutreix;7.0
souhet;5.0
rolland;9.0
derveloy;6.0
louis;46.0
blanc;20.0
balandreau;5.0
désirerais;3.0
indiqué;2.0
refuser;1.0
disait;3.0
accepte;5.0
opérer;1.0
permettra;2.0
réaliser;6.0
modeste;12.0
pris;17.0
étudier;2.0
dfette;1.0
réfqrme;1.0
proposer;3.0
prends;2.0
néces-;1.0
saire;1.0
commencer;1.0
appliquer;2.0
vaut;1.0
avis;6.0
votions;1.0
réforme;7.0
préférable;1.0
puisse;8.0
exécuter;1.0
complètement;1.0
puisqu;1.0
objection;3.0
prise;4.0
propose;9.0
incliner;1.0
satisfaction;3.0
retire;2.0
appliquera;1.0
retiré;2.0
ajouter;4.0
charge;18.0
enfant;12.0
au-dessous;2.0
inspire;1.0
transmise;1.0
pareille;3.0
société;4.0
alliance;1.0
range;1.0
attribution;3.0
protéger;1.0
favoriser;1.0
organe;1.0
obtenait;1.0
réponse;3.0
favorable;1.0
encourageante;1.0
méline;9.0
substance;1.0
verrait;1.0
principalement;1.0
fardeau;1.0
pèse;1.0
lourdement;1.0
épaule;1.0
parent;2.0
principe;9.0
citer;2.0
pont;1.0
chaussée;1.0
douane;1.0
accordait;2.0
remise;3.0
comprenant;2.0
fraction;2.0
variable;1.0
répartie;1.0
proportionnellement;1.0
introduite;1.0
exemplaire;1.0
tenté;1.0
idée;2.0
indirectes;2.0
permettez;1.0
citerai;1.0
passage;2.0
remarquables;1.0
circulaire;5.0
envoyé;1.0
catusse;1.0
trouverez;1.0
justification;2.0
précise;2.0
réalisation;2.0
exacts;1.0
reconnaîtrez;1.0
émanent;1.0
connaît;1.0
intéresse;2.0
fortune;1.0
administraion;1.0
français;4.0
attaque;1.0
donnant;1.0
épithète;1.0
bureaucratie;1.0
rétrograde;1.0
sait;3.0
vraiment;5.0
intéresser;1.0
souhaite;1.0
bel;1.0
imité;1.0
lirai;1.0
intéressants;2.0
suggestifs;1.0
compter;1.0
trimestre;4.0
assisté;1.0
au-dessus;1.0
admis;2.0
déterminer;1.0
âgés;2.0
travailler;3.0
âge;6.0
frère;1.0
urs;1.0
neveu;1.0
nièce;1.0
orphelin;1.0
père;8.0
mère;2.0
beau-père;1.0
belle-mere;1.0
permanente;2.0
recommande;2.0
comprendre;5.0
décompte;1.0
acquis;2.0
réellement;1.0
dénuées;1.0
payée;1.0
constatée;1.0
période;1.0
produisaient;1.0
consistance;1.0
profiter;1.0
réclamer;1.0
devront;1.0
soin;2.0
informer;1.0
exactement;1.0
modification;2.0
survenue;1.0
membre;4.0
reconnaîtra;1.0
effort;4.0
tentés;1.0
ailleurs;4.0
limite;2.0
formées;1.0
visé;1.0
présente;1.0
pourront;3.0
circonstance;1.0
accidentelles;2.0
règle;4.0
émane;1.0
initiative;6.0
prévu;2.0
indication;2.0
pourrons;1.0
obtenir;2.0
intéressent;1.0
avons;18.0
votés;4.0
défendus;1.0
dis-je;1.0
reconnu;1.0
difficulté;4.0
souffrent;1.0
partout;1.0
inexactement;1.0
libellé;1.0
intitulé;1.0
composée;1.0
permettrez;1.0
rectifier;1.0
bas;1.0
mise;3.0
intentionnellement;1.0
rédaction;1.0
écarté;1.0
substitué;1.0
valoir;1.0
complète;3.0
capitale;1.0
réclamée;1.0
revue;1.0
exposées;1.0
revendication;2.0
unanime;1.0
constituent;2.0
adressées;3.0
fut;5.0
connu;1.0
profondément;1.0
attristantes;1.0
révèlent;1.0
dure;4.0
insupportables;1.0
déchoir;1.0
camarade;4.0
peut-on;1.0
reconnaître;2.0
alimentation;1.0
lourde;1.0
dignes;4.0
compensées;1.0
pèsent;1.0
devient;2.0
pauvre;1.0
diable;1.0
disent;2.0
prennent;2.0
pitié;1.0
besogneux;2.0
miséreux;1.0
aide;4.0
irréfutables;1.0
recommandent;1.0
cham-;2.0
bre;2.0
devaient;1.0
refléter;1.0
familiale;1.0
locale;3.0
commencé;1.0
différence;2.0
campagne;2.0
prétends;1.0
distinction;1.0
sociale;2.0
anarchiques;1.0
règlent;1.0
salaire;2.0
rencontre;1.0
fondamental;1.0
règlement;2.0
particu-;1.0
liers;1.0
conforme;3.0
prétendre;1.0
oit;1.0
professionnel;1.0
impunément;1.0
agrandir;1.0
étonné;1.0
entendre;2.0
formuler;1.0
parfois;1.0
remarqué;1.0
sourire;1.0
invoquais;1.0
entendu;2.0
interruption;5.0
personnelles;2.0
souviens;1.0
restés;2.0
justifiés;1.0
dévouer;2.0
apportons;1.0
débat;10.0
plaidoyer;1.0
pro;1.0
domo;1.0
devon;2.0
essentiellement;1.0
inscrit;9.0
voyais;1.0
inquiétude;2.0
remarquant;1.0
comprends;3.0
effroi;1.0
budgétaire;1.0
entends;1.0
fera;2.0
abbé;3.0
dira-t-il;1.0
pourrez;1.0
faites-moi;1.0
grâce;1.0
prêt;2.0
accepter;4.0
contenterais;1.0
consentirais;1.0
individuel;1.0
reconnaissance;1.0
preuve;2.0
justice;7.0
distributive;1.0
espérer;3.0
arrêtera;1.0
prochaine;2.0
évidente;1.0
excusable;1.0
remplir;2.0
coûterait;1.0
prenait;1.0
oublier;1.0
etiectif;1.0
admettant;1.0
primitif;1.0
limité;2.0
atteignant;1.0
réalité;6.0
formulée;1.0
tendrait;1.0
bouleverser;3.0
comble;1.0
voudrait;1.0
dorénavant;1.0
donnât;1.0
base;4.0
propre;4.0
étendue;3.0
véritablement;1.0
impossible;6.0
rassurer;2.0
conscience;1.0
signalés;1.0
empressons;1.0
dispose;1.0
atteignent;1.0
dépassent;1.0
nécessiteux;2.0
signalait;1.0
trouvent;2.0
allégement;1.0
lpplawlis-;1.0
sements;1.0
nullement;3.0
prenne;1.0
humiliant;1.0
appel;3.0
charité;5.0
leurq;1.0
hiérarchiques;1.0
avenir;2.0
confesser;1.0
reproche;2.0
veux;12.0
dise;1.0
soutenu;3.0
appellerai;1.0
absurdité;1.0
graduàt;1.0
payât;1.0
cettre;1.0
nuit;45.0
êtes;1.0
disposez;1.0
développé;1.0
réfutés;1.0
péremptoire;1.0
maintien;2.0
dépose;2.0
élever;6.0
baron;48.0
lorois;7.0
dufaure;7.0
savary;7.0
ci-;1.0
blel;1.0
derrien;6.0
juigné;6.0
dansette;6.0
cuneo;6.0
ornano;7.0
fouquet;7.0
lévismirepoix;1.0
aillières;6.0
soland;7.0
lecrétaires;1.0
nouvel;2.0
empêché;1.0
crainte;1.0
insuffisant;2.0
étendu;1.0
contenté;1.0
audessus;1.0
chance;1.0
approuvé;1.0
entrer;3.0
suivi;2.0
aime;1.0
croire;3.0
accueil;1.0
reproduit;1.0
statué;1.0
précédente;1.0
chiffrer;1.0
adhérait;1.0
allouant;1.0
prévoir;2.0
serions;1.0
amenés;1.0
strictement;1.0
limitée;1.0
répartirez;1.0
prorata;1.0
rentre;1.0
répartition;2.0
votons;1.0
admets;1.0
aumône;1.0
faisons;2.0
permettant;1.0
vivre;2.0
eniants;1.0
cruel;1.0
affront;1.0
permet;1.0
muninbourdin;3.0
augé;5.0
cousin;7.0
déposer;2.0
conclusion;2.0
permission;1.0
souvenir;1.0
réunion;2.0
distinctes;1.0
traité;6.0
égalité;4.0
examen;2.0
admission;1.0
organisation;4.0
lacune;1.0
produisirent;1.0
signalée;1.0
antérieures;1.0
successifs;2.0
manifesté;2.0
intention;7.0
combler;1.0
progressivement;1.0
venu;3.0
disparaître;2.0
fusion;2.0
recevait;1.0
maintenue;1.0
effectuait;1.0
pourtant;1.0
émut;1.0
anomalie;4.0
fit;1.0
remarquer;2.0
imposé;1.0
mettait;1.0
infériorité;1.0
notoire;1.0
rapport;9.0
observa;1.0
effectué;2.0
fatigant;1.0
recevaient;2.0
privé;1.0
amenèrent;1.0
notoirement;1.0
marquait;1.0
volonté;1.0
nette;3.0
espérons;1.0
exacte;2.0
tarif;7.0
varié;1.0
comportait;1.0
supplémentaire;1.0
pou;1.0
relevé;1.0
comprenait;1.0
consacraient;2.0
quotidiennement;1.0
hiver;4.0
comprend;2.0
lor;1.0
novembre;1.0
appliquant;1.0
régulier;2.0
eût;1.0
déboîtes;1.0
laissant;1.0
rétribution;3.0
partielle;1.0
affecta;1.0
exécute;1.0
minuit;3.0
laps;1.0
entière;1.0
eussent;1.0
rétribuées;1.0
élevée;1.0
permettait;1.0
recherchant;1.0
judicieux;1.0
permis;2.0
proposait;2.0
rétribuer;1.0
provisoirement;1.0
surnuméraire;2.0
auxiliaire;4.0
élevait;1.0
assuré;3.0
contenu;1.0
servit;1.0
fixa;1.0
provisoire;4.0
consacré;1.0
travaille;1.0
jeune;1.0
débutant;1.0
inégalité;1.0
continue;1.0
subsister;1.0
exprimait;2.0
rémunérer;3.0
exécuté;1.0
doublant;1.0
payer;1.0
ajoutée;1.0
trouvons;1.0
dey;1.0
cice;1.0
férence;1.0
jonstitue;1.0
parachever;2.0
uvre;12.0
aviez;1.0
semblé;1.0
cesser;2.0
pensée;3.0
honorables;3.0
deg;1.0
remarquerez;1.0
équité;1.0
appartenant;1.0
télégraphique;4.0
assiduité;1.0
paraît-il;1.0
soulever;1.0
invoquera;1.0
touche;1.0
saurait;4.0
ombre;1.0
posé;1.0
persévérer;1.0
bienveillantes;1.0
voulu;4.0
soutenir;2.0
crains;2.0
détestable;1.0
avocat;1.0
hésitation;2.0
monter;1.0
regardant;1.0
trouvé;2.0
défenseur;1.0
naturel;1.0
main;2.0
persuadé;1.0
heureux;2.0
apporter;2.0
concours;2.0
décisif;1.0
applaudissement;17.0
pouvons;3.0
séparés;1.0
seuirétribué;1.0
rétablir;1.0
assimiler;9.0
postaux;1.0
télégraphiste;1.0
continuons;2.0
poursuivre;2.0
croit;3.0
suffire;1.0
vite;1.0
entrés;1.0
rapidité;1.0
marche;1.0
calculées;1.0
daus;1.0
prudent;1.0
prétend;1.0
parachève;1.0
revendiquer;1.0
faisais;1.0
allusion;2.0
émanait;1.0
assurer;1.0
indiquées;1.0
selve;1.0
sollicitons;1.0
associé;1.0
accepté;1.0
exécution;3.0
posteq;1.0
convenu;1.0
exécutées;1.0
allouées;1.0
préoccupe;1.0
décidées;1.0
raisonnablement;1.0
nécessitera;1.0
programme;2.0
paraissent;1.0
suffisantes;1.0
repoussiez;1.0
laissiez;1.0
etfectue;1.0
aune;1.0
labarthe;6.0
clédou;7.0
lernire;1.0
cassou;7.0
gayraud;8.0
michou;7.0
chantelauze;6.0
toussaint;7.0
leroy;13.0
dour;1.0
rappelé;1.0
courriers-convoyeurs;9.0
jouissent;1.0
sons-agents;1.0
omis;3.0
seuls;1.0
courriersconvoyeurs;2.0
entrepôt;1.0
entreposeur;5.0
chargeur;2.0
rétribué;2.0
ignore;2.0
plausibles;1.0
inclinerai;1.0
maintiendrai;1.0
involontairement;1.0
omission;1.0
volontaire;1.0
parfaitement;3.0
voyagent;1.0
constitué;1.0
atteindre;1.0
avancent;2.0
échelon;2.0
autrc;1.0
bénéficient;1.0
expliquent;1.0
suffisamment;2.0
ayapt;1.0
tort;1.0
convoyeur;2.0
empioyes;1.0
invoquée;1.0
savon;1.0
aurons;1.0
livrer;1.0
rémunérateur;1.0
ajouté;1.0
déplacent;2.0
exclamation;3.0
régie;1.0
empêche;1.0
pense;2.0
parle;3.0
parfaite;1.0
appartiennent;1.0
antoine;16.0
perrier;14.0
jourdé;1.0
désire;2.0
adresser;5.0
constatons;1.0
malheureusement;1.0
atteint;2.0
cinquante-;1.0
voulues;1.0
actùellev;1.0
auupd;1.0
lîs;1.0
services-;1.0
cinquante-cinq;2.0
ost;1.0
claire;3.0
désirons;1.0
ayons;1.0
devrions;1.0
sache;1.0
clairement;1.0
prier;1.0
traitas;1.0
environs;1.0
développement;2.0
stipuler;1.0
actif;1.0
revision;2.0
malheureuse;1.0
extraparlementaire;1.0
attendre;2.0
ait;5.0
transformer;2.0
extraparlementaires;1.0
travaillent;2.0
ministériels;1.0
laisser;1.0
remédier;2.0
constate;2.0
anormal;3.0
remède;1.0
paru;1.0
vous-même;1.0
invitation;1.0
donnée;3.0
discuterons;2.0
établisse;1.0
parité;1.0
remonter;1.0
remonte;1.0
reparlerons;1.0
mettent;1.0
arthur;19.0
fliapitre;1.0
habillement;2.0
précédent;2.0
augmente;1.0
acceptée;1.0
parule;1.0
trévoux;3.0
étude;2.0
ellemême;2.0
pensais;1.0
devais;1.0
aveo;1.0
entreprendre;2.0
statuer;3.0
dossier;1.0
zèle;1.0
diligence;1.0
municipalité;1.0
signature;1.0
affirmé;1.0
peut-être;2.0
confiance;2.0
hâter;1.0
edet;1.0
achevée;1.0
saisie;1.0
berard;1.0
proposé;3.0
coûtant;7.0
marcel;7.0
senobat;1.0
baudin;7.0
walter;7.0
écrivain;10.0
journalier;11.0
expéditionnaire;5.0
discute;1.0
désir;1.0
autant;1.0
occupés;1.0
identique;1.0
payés;2.0
assimilé;1.0
expédtionnaires;1.0
emploient;1.0
indiquée;2.0
empêchent;1.0
bienl;3.0
emploie;2.0
notamment;2.0
atelier;4.0
brune;6.0
inscription;3.0
disposerions;1.0
acquises;1.0
expéditionnairee;1.0
pourvus;1.0
modique;1.0
atteinte;1.0
créant;1.0
veuille;3.0
interdire;1.0
possibilité;1.0
utiliser;1.0
brave;1.0
astreindre;1.0
retenue;1.0
viendront;1.0
peser;1.0
inté-;1.0
rêt;1.0
existant;1.0
oppose;2.0
retraité;2.0
priori;1.0
régulière;1.0
toucher;1.0
em-;1.0
ployés;1.0
émargent;1.0
soulevé;1.0
examine;1.0
fondions;1.0
discuter;5.0
connais;2.0
ignorez;1.0
faites-vous;1.0
retarder;1.0
laissez;1.0
gagnent;1.0
puissent;2.0
voulez;1.0
voudrais;1.0
stables;2.0
pussent;1.0
est-ce;3.0
ministère;12.0
tabac;1.0
guerre;3.0
civil;1.0
devriez;1.0
stable;1.0
intérimaire;1.0
bwn;1.0
re-;1.0
traite;1.0
résolviez;1.0
satisfaisante;1.0
ganche;1.0
refuse;1.0
retirer;6.0
gatme-pain;1.0
gagne-pain;1.0
évidemment;1.0
étudie;1.0
recherche;1.0
équivalent;1.0
consens;1.0
inscrire;1.0
votée;1.0
rue;1.0
cambon;1.0
commissien;1.0
reporter;1.0
opposition;6.0
accepte-t;1.0
oui;3.0
courte;1.0
diminution;2.0
exprime;1.0
comparaison;1.0
pratiqués;1.0
genre;3.0
imprimerie;13.0
privée;5.0
jugé;1.0
notable;1.0
admi;1.0
istration;1.0
ramenant;1.0
expressément;1.0
laissé;1.0
payent;1.0
comprendra;1.0
réduction;4.0
interprétation;1.0
engagerait;1.0
déciderait;1.0
abrogation;2.0
décret;3.0
dace;1.0
laisse;1.0
libres;5.0
décrète;1.0
comprendrez;1.0
suppression;1.0
grosse;2.0
propos;5.0
réserver;1.0
discutera;1.0
inction;1.0
engage;2.0
henry;20.0
boucher;8.0
com-;2.0
mprce;1.0
vindustrie;1.0
tplégraphes;1.0
prévision;1.0
consenti;1.0
enveloppe;1.0
tiers-la;1.0
obligeaient;1.0
réserve;5.0
compétente;1.0
autorisait;1.0
mftiistèrë;1.0
recourir;1.0
éventualité;1.0
iin;1.0
équivalente;1.0
chitîre;1.0
transport;1.0
dépèches;1.0
postales;1.0
appatteils;1.0
technique;1.0
exploitation;1.0
télégraphiques;2.0
entretien;1.0
téléphoniques;2.0
réseau;1.0
interurbaines;1.0
-annuité;1.0
consignation;1.0
mpts;1.0
corse;1.0
ouo;1.0
méditerranée;1.0
calais;1.0
douvres;1.0
new-york;1.0
pré;1.0
ident;1.0
compagnie;4.0
relier;1.0
amérique;2.0
dps;1.0
tête;4.0
brest;2.0
port;4.0
havre;3.0
mouvement;6.0
substitution;1.0
atterrissement;2.0
rapproché;1.0
continent;1.0
américain;1.0
rade;1.0
sûre;1.0
vaste;1.0
abriter;1.0
trrands;1.0
paquebot;3.0
aménagé;1.0
mètre;1.0
construire;1.0
bâtiment;1.0
lutter;2.0
concurrence;3.0
allemand;1.0
cherbourg;1.0
appelons;1.0
soulève;2.0
lié;1.0
conclu;1.0
transat;1.0
antique;1.0
prorogation;1.0
opposé;1.0
contreprojet;1.0
plichon;6.0
saisit;1.0
utilement;1.0
discutée;1.0
engagera;1.0
choisisse;1.0
indo-chine;1.0
japon;1.0
algérie;1.0
tunisie;1.0
tripolitaine;1.0
maroc;1.0
australie;1.0
nouvelle-calédonie;1.0
sfrvice;1.0
côte;3.0
orientale;1.0
afrique;2.0
océan;1.0
indien;1.0
ajopté;2.0
occidental;1.0
concessionnaire;2.0
câble;1.0
reliant;2.0
possession;1.0
rio-nllnez;1.0
gralld-bassam;1.0
portonovo;1.0
gabon;1.0
cable;1.0
kemboursements;1.0
amende;1.0
passons;1.0
tor;1.0
servir;1.0
déposant;1.0
excédent;1.0
attribuer;1.0
dotation;1.0
clos;1.0
mémoire;1.0
abordons;1.0
basses-pyrénées;5.0
nom;3.0
prononcer;5.0
répercussion;3.0
immédiate;6.0
ordonne;1.0
ensuite;1.0
discus-;1.0
sion;1.0
approuvée;1.0
ltat;1.0
ladite;1.0
convei;1.0
tion;1.0
dépaitement;1.0
prononce;2.0
visent;1.0
pénitentiaires;1.0
ami;1.0
dénoncer;1.0
honnêtes;1.0
main-d;6.0
pénale;3.0
oeuvre;1.0
individu;1.0
inquiété;1.0
présentement;1.0
fabrique;1.0
étoffe;1.0
tissu;1.0
laine;1.0
fil;1.0
coton;1.0
confectionne;1.0
composent;1.0
vestiaire;1.0
lingerie;1.0
literie;1.0
détenu;1.0
consomme;1.0
cordonnerie;1.0
chaussonnerie;1.0
sandale;1.0
brosse;1.0
paillasson;1.0
chaise;1.0
table;1.0
broc;1.0
seau;1.0
baquet;1.0
propreté;1.0
assure;1.0
pourvoit;1.0
reliure;2.0
tableau;1.0
trouvera;1.0
annexe;2.0
recours;1.0
confection;1.0
huissier;1.0
fourniture;2.0
brosserie;2.0
cartonnage;1.0
commande;1.0
variées;1.0
désirable;1.0
répondraient;1.0
variété;1.0
production;2.0
récents;1.0
courant;1.0
maison;3.0
fontevrault;1.0
fabrication;1.0
quantité;1.0
couverture;1.0
exploité;1.0
melun;2.0
fonctionnant;1.0
poissy;1.0
entrepreneur;1.0
appartiendra;1.0
entreprise;2.0
fin;1.0
tendance;1.0
déguisé;1.0
franchise;1.0
organise;1.0
nourrir;2.0
subvenir;1.0
ellorts;1.0
accroître;1.0
danger;2.0
corporation;2.0
typographe;1.0
éprouvée;1.0
durement;1.0
ressort;1.0
lire;1.0
perfectionnement;1.0
mécanisme;1.0
invention;1.0
instrument;1.0
raréfient;1.0
jette;2.0
travailleur;1.0
chassé;1.0
usine;1.0
chercher;1.0
aggraver;2.0
emparant;1.0
rester;1.0
accessible;1.0
malheureux;1.0
opposée;1.0
apporté;2.0
voudriez;1.0
empêcher;3.0
prisonnier;3.0
subir;1.0
préjudice;1.0
restent;1.0
entretenir;3.0
cherche;2.0
solution;1.0
excellentes;1.0
peutêtre;1.0
pays;11.0
angleterre;1.0
large;1.0
inconvénient;1.0
plaignons;1.0
employer;1.0
défrichement;1.0
nuiraient;1.0
nuire;1.0
nationaux;1.0
degré;1.0
occupez;1.0
bruit;8.0
conversation;2.0
impatience;1.0
attend;1.0
buaget;1.0
dll;1.0
abrfger;1.0
demandez;1.0
maurice;15.0
faure;7.0
continuer;1.0
milieu;3.0
fatiguent;1.0
parvenir;1.0
dominer;1.0
ouil;1.0
interpeller;2.0
annoncer;1.0
démande;1.0
déposée;3.0
priorité;3.0
propose-t-il;2.0
cédé;2.0
clare;1.0
vagriculture;1.0
parôle;1.0
répondu;1.0
vise;1.0
abordé;1.0
pontbriand;8.0
annoncé;1.0
prière;1.0
hésiter;2.0
renvoyer;3.0
ultérieure;1.0
dérobé;1.0
acceptées;1.0
triste;1.0
incident;1.0
naissent;1.0
imprévus;1.0
soudains;1.0
considère;3.0
tient;1.0
délicat;1.0
action;1.0
facile;2.0
bouc;1.0
émissaire;1.0
humeur;1.0
responsable;1.0
arrive;1.0
aisément;1.0
rôle;2.0
joué;1.0
multiplié;1.0
conserver;2.0
caractère;2.0
judiciaire;1.0
dépendu;1.0
gré;1.0
reprocher;1.0
hésite;1.0
essayé;2.0
passion;1.0
furieux;1.0
garder;1.0
sang-froid;1.0
gardé;1.0
reprenant;1.0
calme;1.0
persévérance;1.0
saura;1.0
reyfus;1.0
reprendra;1.0
cesseront;1.0
agitation;11.0
assistons;1.0
ira;1.0
grandissant;1.0
favorisé;1.0
engagé;1.0
intervention;1.0
énergique;1.0
nier;1.0
change;1.0
esprit;2.0
parti;3.0
emparer;1.0
deviner;1.0
mun;9.0
trs;1.0
visible;2.0
approche;1.0
consultation;1.0
électorale;1.0
prépare;1.0
vent;2.0
aveugler;1.0
diversion;1.0
violent;2.0
détournant;1.0
dessein;2.0
inavoués;1.0
restaurer;1.0
boulangiste;1.0
prêter;1.0
prêtera;1.0
mirman;5.0
yves;1.0
guyot;1.0
trarieux;1.0
dites;1.0
opposerons;1.0
croyons;2.0
opposant;1.0
entrons;1.0
évident;2.0
favorise;1.0
veulent;2.0
procès;1.0
politique;11.0
pratiquée;1.0
défendu;1.0
paix;3.0
union;1.0
apaisement;2.0
poursuivi;1.0
poursuivie;1.0
terrain;1.0
reprochez;1.0
iiuus;1.0
fiers;1.0
rappel;2.0
considérée;1.0
regretter;1.0
grandi;1.0
autorité;2.0
valu;1.0
inappréciables;1.0
compromettre;1.0
consentirons;1.0
changer;1.0
respecter;1.0
défendrons;1.0
énergie;1.0
armée;3.0
bim;1.0
sortir;1.0
prudence;1.0
modération;1.0
biienl;1.0
sagesse;1.0
ajournant;1.0
irritant;1.0
calmer;1.0
penser;1.0
suivre;1.0
hardie;1.0
accentuée;1.0
lutte;1.0
division;1.0
répudions;1.0
déclarons;1.0
voudront;1.0
substituer;1.0
déclinons;1.0
inutile;1.0
explication;1.0
apportées;2.0
ressemblaient;1.0
discours;1.0
réiponse;1.0
précis;1.0
profité;1.0
créée;1.0
républicain;1.0
solidaire;1.0
sa-;1.0
permeitre;1.0
pré-;1.0
ciser;1.0
affirmation;1.0
allégués;1.0
à-la;1.0
posée;2.0
nettement;1.0
acceptables;1.0
terminant;1.0
cherchent;1.0
infirmer;1.0
jugement;1.0
librement;1.0
répandent;1.0
démenti;1.0
taise;1.0
garde;1.0
silence;1.0
jauche;1.0
antre;1.0
propose-t-on;1.0
henri;47.0
lavertujon;5.0
berteaux;7.0
goblet;6.0
dujardin-beaumetz;7.0
hubbard;7.0
montaut;7.0
clech;1.0
cros-bonnel;7.0
odilon-barrot;6.0
chautemps;7.0
com;1.0
payré;1.0
pouillement;1.0
comte;100.0
périer;8.0
larsan;9.0
figurent;1.0
vis;1.0
donnerai;1.0
jugerai;1.0
répondrai;1.0
demandait;1.0
convenance;1.0
remettre;1.0
accepterais;1.0
mat;1.0
sent-il;2.0
disions;1.0
venait;2.0
manifestation;1.0
gaucke;1.0
dissiper;1.0
résident;1.0
uavaignac;1.0
plaint;1.0
attitude;2.0
cavaignacignore;1.0
ose;1.0
feint;1.0
ignorer;1.0
rumeur;1.0
contester;1.0
produite;1.0
entretiennent;1.0
clair;1.0
parlez;2.0
mêler;2.0
enjoint;1.0
répond;1.0
discutait;1.0
obéissait;1.0
injonction;1.0
entrerait;1.0
deviendrait;1.0
complice;1.0
expliquera;1.0
croyez-le;1.0
prononcé;1.0
ironiques;1.0
disais;1.0
délai;1.0
indépendance;1.0
préférence;1.0
excessive;1.0
solidaires;1.0
regardez;2.0
prétendez;1.0
rang;1.0
siègent;1.0
propagent;1.0
vaurore;1.0
clémenceau;1.0
lais-;1.0
sant;1.0
suspens;1.0
paraissant;1.0
propage;1.0
prendra;1.0
repoussons;1.0
rejette;1.0
applfludisspmpnts;1.0
cextrême;1.0
dlla;1.0
ordonnée;2.0
vacherie;6.0
beauquier;7.0
lagnel;7.0
vigné;8.0
chamerlat;7.0
dubief;7.0
lesage;6.0
ouvigneau;1.0
mande;1.0
institution;1.0
régionales;1.0
agricole;2.0
mutuel;2.0
encouragement;1.0
ordonné;3.0
-demande;1.0
dtpjour;1.0
jeudi;2.0
lre;1.0
conférer;1.0
électorat;1.0
femme;1.0
élection;1.0
tribunal;2.0
mardi;1.0
nomination;3.0
mensuelles;1.0
contrés;1.0
parlementaire;1.0
comptabilité;1.0
surveillant;1.0
colonie;1.0
résolution;1.0
paul;25.0
organiser;1.0
kxpositiun;1.0
université;1.0
école;1.0
auteur;1.0
réservés;2.0
culte;2.0
soudan;1.0
légion;1.0
feuilleton;1.0
intercaler;1.0
fleuryravarin;2.0
imprimée;1.0
distribuée;1.0
renvoyée;1.0
assentiment;1.0
levée;1.0
sténographique;1.0
gaudet;1.0
breton;7.0
seine-inférieure;13.0
greffier;1.0
police;1.0
dieppe;1.0
poshs;1.0
maj;1.0
ori;1.0
absol;1.0
abel;6.0
argeliès;5.0
bachimont;5.0
batandreau;1.0
gabriel;18.0
bouches-du-rhône;6.0
baudon;6.0
oise;6.0
bazille;5.0
bepmale;4.0
berry;6.0
georges;49.0
bizouard-bert;4.0
bourgeois-du-jura;5.0
boyer;6.0
antide;5.0
boysset;6.0
calvinhac;6.0
castelin;6.0
cazes;6.0
thierry;6.0
gers;6.0
césar-laîné;3.0
chandionx;1.0
chapuis;6.0
charonnat;6.0
charpentier;7.0
chassaing;6.0
chevillon;6.0
chiché;4.0
albert;18.0
cluseret;6.0
cochin;12.0
denys;5.0
seiue;1.0
cornet;6.0
luc;1.0
defumade;5.0
delarue;6.0
delbet;6.0
desfarges;6.0
uinergue;1.0
gaston;16.0
gard;6.0
dussaussoy;6.0
euzière;4.0
faberot;6.0
fiquet;6.0
folleville;6.0
bimorel;6.0
forcioli;6.0
fréoault;1.0
gacon;6.0
gauthier;6.0
clagny;6.0
gavini;12.0
sébastien;5.0
girault;5.0
goujat;7.0
goussot;6.0
guesde;6.0
gustave;17.0
humbert;6.0
isaac;6.0
jacques;11.0
jourdan;12.0
joseph;12.0
var;6.0
ldbussière;1.0
lacôte;6.0
bouches-durhône;3.0
laporte;6.0
nièvre;6.0
-sèvres;1.0
clec;6.0
hleconte;1.0
alfred;18.0
hérissé;5.0
senne;5.0
levecque;5.0
leveillé;6.0
raymond;6.0
haute-garonne;8.0
loup;6.0
luce;6.0
casabianca;3.0
magnien;6.0
habert;5.0
maret;6.0
masson;6.0
mathe;1.0
félix;6.0
maurice-binder;5.0
merlou;5.0
michelin;7.0
mielvacque;6.0
lacour;6.0
minnan;1.0
seine-ftmarne;1.0
pams;6.0
paulin-méry;5.0
pelletan;6.0
pontallié;6.0
poupin;6.0
rigaud;6.0
ernest;15.0
seine;17.0
rousse;6.0
salis;6.0
sauvanet;6.0
sever;6.0
colonel;12.0
trélat;6.0
turigny;6.0
vau;6.0
pierre;18.0
villejean;4.0
viviani;6.0
wilson;6.0
adam;6.0
achille;17.0
ailliôres;1.0
alicot;5.0
alsace;6.0
prince;16.0
hénin;5.0
amodru;6.0
arenberg;5.0
arène;6.0
emmanuel;6.0
arnous;6.0
auditfred;1.0
auricoste;5.0
aynard;6.0
babaud-lacroze;4.0
balsan;5.0
bansard;5.0
bois;5.0
maine-et-loire;4.0
barthou;5.0
bastid;5.0
adrien;17.0
batiot;6.0
baudry;4.0
asson;6.0
eruest;1.0
rhône;5.0
berdoly;5.0
berne-lagarde;4.0
bernis;6.0
biliais;4.0
bischoffsheim;2.0
bizarehl;1.0
bizot;6.0
edmond;11.0
hautes-pyrénées;3.0
haute-loire;6.0
bontemps;5.0
bory;5.0
bourcy;6.0
bourgeois;12.0
vendée;6.0
bourlier;5.0
bourrillon;6.0
bovier-lapierre;5.0
braud;6.0
brice;11.0
meurthe-et-moselle;3.0
rené;12.0
ille-etvilaine;1.0
broglie;6.0
carnot;6.0
carpentier-risbourg;5.0
carquet;5.0
castillard;6.0
caussanel;5.0
caze;5.0
chabrîé;1.0
charles-dupuy;5.0
charles-roux;5.0
charme;6.0
francis;6.0
charruyer;5.0
chastenet;5.0
guillaume;5.0
chaulin;1.0
serviniére;1.0
chavoix;5.0
chevallier;5.0
emile;31.0
christophle;6.0
cibiel;5.0
clament;6.0
clément;6.0
ciapot;1.0
coache;6.0
cochery;6.0
coget;6.0
constant;11.0
cornudet;5.0
cosmao-dumenez;4.0
coudreuse;6.0
elie;6.0
darlan;6.0
david;6.0
alban;5.0
decrais;6.0
dejean;6.0
etienne;12.0
delafosse;5.0
delanne;4.0
delcassé;5.0
deluns-montaud;4.0
demarçay;6.0
denôcheau;1.0
denis;6.0
deproge;6.0
deschanel;4.0
descubes;5.0
deshayes;6.0
desjardins;5.0
develle;4.0
disleau;5.0
dorian;5.0
drake;6.0
dubois;6.0
victor;6.0
dreux;5.0
ducos;6.0
dulau;6.0
dunaime;4.0
dupuy-dutemps;4.0
dupuytrem;6.0
duval;6.0
eliez-evrard;5.0
elva;6.0
ermant;6.0
escanyé;4.0
estournelles;6.0
fanien;6.0
farjon;5.0
firino;5.0
flandin;6.0
fleury;1.0
ravarin;1.0
flourens;5.0
forni;5.0
fournol;5.0
françois;18.0
gaillard;6.0
galpin;6.0
gamard;6.0
garnier;6.0
charente-inférieure;4.0
gasnier;5.0
gaussorgues;6.0
frédéric;6.0
gautier;6.0
gauvin;6.0
gellé;5.0
gellibert;4.0
seguins;5.0
genouxprachée;3.0
gérard;7.0
gervais;6.0
gévelot;6.0
gfcuet;1.0
girard;5.0
goirand;6.0
gonidec;6.0
issan;1.0
gotteron;6.0
goujon;12.0
tlbophile;1.0
gironde;11.0
grandmaisnn;1.0
grau;6.0
gruet;6.0
guérin;6.0
guignard;6.0
guillemaut;5.0
guillemin;6.0
hainsselin;4.0
haigouet;1.0
harriague;6.0
saint-martin;10.0
hayez;6.0
henrion;5.0
herbet;6.0
hubert;6.0
hugues;17.0
aisne;6.0
isambard;6.0
isambert;6.0
jacquemin;5.0
johez;1.0
jonnart;4.0
jouart;6.0
jouffray;6.0
jouffroy;6.0
abbans;5.0
jumel;6.0
kerjégu;4.0
batut;6.0
bourdopnaye;1.0
vicomte;22.0
lacombe;5.0
lacreteile;1.0
lacroix;6.0
fi-;1.0
rronnays;1.0
marquis;11.0
laniel;6.0
lanjuinais;6.0
lannelongue;4.0
lannes;6.0
montebello;6.0
noue;6.0
lnrgentaye;1.0
rioust;6.0
rochefoucauld;5.0
duc;11.0
doud-auville;1.0
larnchejoubert;1.0
laroze;5.0
lascombes;5.0
laurençon;6.0
laville;5.0
lebon;10.0
andré;11.0
deux-sèvres;9.0
borgne;6.0
lebret;5.0
cerf;6.0
lechevallier;6.0
coupanec;6.0
gavrian;4.0
léglise;5.0
manche;12.0
mare;5.0
lemoigne;1.0
mvre;1.0
vilers;6.0
lepez;6.0
côte-d;10.0
euraî;1.0
lovet;1.0
lévis-mirepoix;5.0
fie;1.0
leygues;6.0
lot-et-garonne;4.0
lhopiteau;5.0
mackau;6.0
malaussena;5.0
malzac;6.0
mandeville;5.0
marchegay;6.0
marcillat;6.0
marfan;6.0
marmottan;5.0
martinon;4.0
marty;6.0
mas;6.0
mercier;6.0
haute-savoie;4.0
mézière;5.0
michau;3.0
aube;6.0
montalembert;5.0
mnret;1.0
morillot;4.0
léon;18.0
mougeot;5.0
mougin;6.0
moustier;6.0
marquisde;1.0
oriol;6.0
ouvré;6.0
papelier;7.0
passy;6.0
paulmier;5.0
savoie;13.0
perrin;6.0
philipon;5.0
pichon;5.0
pochon;6.0
breil;6.0
pourteyron;6.0
prax-paris;6.0
prud;6.0
havette;2.0
quintaa;6.0
ragot;6.0
raion;1.0
claude;5.0
rameau;6.0
ramel;5.0
rauline;6.0
réal;6.0
reboulin;4.0
regnault;6.0
reille;12.0
reinach;6.0
rémusat;5.0
renault-morlière;6.0
rey;11.0
aristide;6.0
isère;5.0
emilp;1.0
lot;6.0
ribot;5.0
côted;1.0
riotteau;5.0
rivet;6.0
roch;6.0
rohan;6.0
rose;6.0
rutours;1.0
raoul;6.0
rouvier;6.0
rouvre;6.0
bourlon;5.0
rouzaùd;1.0
royer;6.0
rozet;6.0
albin;6.0
ruau;6.0
saint;7.0
saint-germain;6.0
saint-quentin;5.0
sarrazin;6.0
sarrien;6.0
saumande;6.0
sauzet;6.0
marc;6.0
schneider;6.0
sentenac;6.0
serph;6.0
gusman;6.0
sibille;6.0
sicard;6.0
simon;6.0
amaury;6.0
sirot-mallez;5.0
sonnery-martin;4.0
surchamp;6.0
tailliandier;3.0
theulier;4.0
thierry-delanoue;4.0
thomson;6.0
thonion;5.0
thonnard;6.0
temple;5.0
thorel;6.0
thoulouse;6.0
tiphaine;5.0
trannoy;5.0
tréveneuc;5.0
trouillot;6.0
turrel;5.0
adolphe;5.0
vacher;6.0
vallé;4.0
vidal;6.0
saint-urbain;4.0
viellard;5.0
armand;10.0
viger;4.0
villiers;5.0
vival;4.0
vogüé;4.0
melchior;6.0
weil-mallez;5.0
wignacourt;6.0
witt;6.0
conrad;6.0
armez;6.0
bascou;5.0
berger;7.0
drôme;4.0
bonard;6.0
marne;6.0
bozérian;5.0
brindeau;6.0
brunet;6.0
compayré;4.0
couyba;5.0
delaunay;4.0
delmas;6.0
delombre;5.0
dron;6.0
dumas;6.0
julien;12.0
duvau;6.0
jullien;5.0
franconie;5.0
gérault-richard;4.0
gerville-réache;6.0
girodet;6.0
gourvil;5.0
gras;6.0
grousset;6.0
paschal;6.0
guieysse;4.0
clovis;5.0
jaurès;6.0
jaluzot;6.0
lasteyrie;5.0
lehon;2.0
seine-info;1.0
rieure;1.0
moign;6.0
côtes-dunord;2.0
teurtre;1.0
troadec;6.0
lahy;1.0
maruéjonls;1.0
moriot;2.0
naquet;6.0
oël;1.0
pédebidou;6.0
fernand;6.0
haiberti;1.0
iseine-ioférieure;1.0
rispal;4.0
rubillard;5.0
vichot;6.0
retenus;5.0
cvenquête;1.0
panama;6.0
guyot-dessaigne;5.0
huguet;5.0
inary;1.0
bertrand;6.0
boissy-d;1.0
bougère;2.0
chandey;1.0
couchard;4.0
dejonc;1.0
dindeau;6.0
kould;1.0
héinon;1.0
hennard;4.0
hervoches;5.0
basses-alpes;2.0
loz;1.0
rel;1.0
lasserre;5.0
lebaudy;6.0
linard;6.0
milochitu;1.0
mootfort;1.0
pierre-alvpe;2.0
plissonnipr;1.0
pommeray;5.0
pourquery;6.0
boissprin;1.0
richard;4.0
ruche;2.0
jnle;1.0
sembat;4.0
yillam;1.0
viox;6.0
annoncés;6.0
vérification;5.0
rectifiés;5.0
liste;6.0
cidessus;4.0
oxt;1.0
bouche;1.0
du-rhône;1.0
bastia;1.0
hepmale;1.0
bizarelli;5.0
bizouard;1.0
bert;1.0
haute-garonue;1.0
césar-lainé;2.0
chabrié;2.0
chandioux;3.0
chichô;1.0
lucien;5.0
crêmieux;1.0
defoutaine;1.0
anne;1.0
derve-;1.0
loy;1.0
doumergue;5.0
francouie;1.0
gérault-richara;1.0
giguet;4.0
girsult;1.0
gohlet;1.0
guieys-e;1.0
guyot-dessai-ine;1.0
labussière;4.0
lacretelle;5.0
rouchesdu-rhône;1.0
tgaston;1.0
leconte;5.0
leag-e;1.0
thaute-garoune;1.0
mahy;5.0
binder;1.0
maurice-faure;4.0
seine-et-marne;3.0
muljgeot;1.0
paulln-méry;1.0
rajon;4.0
claudel;1.0
reboulm;1.0
seine-lnférieuro;1.0
sonnet;1.0
vacharie;1.0
saiut-urbain;1.0
audiffred;4.0
maine-et;1.0
loire;2.0
bihais;2.0
bischotfsheim;3.0
haute;2.0
pyrénées;1.0
meurtheet-moselle;1.0
e-et-vilaine;1.0
charles-houx;1.0
chaulin-servinière;3.0
emilei;1.0
deiafosse;1.0
oelallnay;1.0
delonibre;1.0
delunsmoutaud;1.0
derrten;1.0
descbanel;2.0
deveue;2.0
jute;2.0
dortan;1.0
eiiez-evrarrté;1.0
encanyé;1.0
ftrino;1.0
fornl;1.0
traissan;5.0
lseine-lnféférieure;1.0
théophile;5.0
grandmaison;5.0
jouez;1.0
jonnard;1.0
keriégu;1.0
bourdonnaye;5.0
ferronnays;4.0
largentaye;4.0
doudeauville;5.0
laroche-joubert;3.0
deuxsèvres;1.0
moigne;4.0
myre;5.0
leteurtre;3.0
levet;5.0
artinon;1.0
maruéjouls;3.0
moret;5.0
noël;4.0
odilou-barrot;1.0
péi-ler;1.0
raiberti;4.0
musat;1.0
lsére;1.0
rotours;4.0
rouzaud;5.0
saint-queutin;1.0
sonnerymartin;1.0
traunoy;1.0
vogué;1.0
ealsan;1.0
rhone;1.0
biôrae;1.0
comoayrô;1.0
denêcheau;4.0
genoux-prachée;3.0
eure;5.0
vieer;1.0
commissioi;1.0
enquête;4.0
samary;5.0
yallé;1.0
angim;1.0
boug;1.0
ctiaudey;1.0
ueloncle;1.0
foum;1.0
antoiue;1.0
guil;1.0
has;1.0
ses-alpes;1.0
lozère;5.0
lachiisze;1.0
leftet;1.0
montfort;5.0
monot;1.0
plissonnier;4.0
larmand;1.0
boisserin;4.0
bac;1.0
ron;1.0
ricnard;1.0
adoptê;1.0
balaodreau;1.0
bepinale;1.0
berrv;1.0
ber;1.0
teaux;1.0
edmondj;1.0
utespyrénées;1.0
bouy-cisterncs;1.0
bovy;1.0
bovier-lapi;1.0
-rre;1.0
meurtlie-et;1.0
moselle;1.0
mallte;1.0
garonne;1.0
tmerry;1.0
chabriê;1.0
chandiiju;1.0
chiluvihre;1.0
cornudetcousin;1.0
couvba;1.0
aibam;1.0
oejeante;1.0
derveioy;1.0
juilien;1.0
zière;1.0
guiev;1.0
esse;1.0
haguegclovi;1.0
cotes-du-nordj;1.0
benne;1.0
mandpville;1.0
merlon;1.0
michao;1.0
seine-etmaruel;1.0
paulmler;1.0
homme-havette;4.0
rotouis;1.0
savaryde;1.0
thiphaine;1.0
viilejean;1.0
viral;1.0
weil-m;1.0
allez;1.0
aren;1.0
erg;1.0
auriscote;1.0
bol;1.0
bordoly;1.0
ille-et-vilaine;3.0
che;1.0
vallier;1.0
cosmaodumenez;1.0
dunaftne;1.0
charenteinférieure;1.0
gellégellibert;1.0
rseineinférieure;1.0
lobez;1.0
lnville;1.0
loiret;1.0
orl;1.0
leteurlre;1.0
lot-etgaronne;1.0
maruéjouts;1.0
hante-savoie;1.0
murillot;1.0
pamel;1.0
hibot;1.0
hispal;1.0
ibourlon;1.0
tbeulier;1.0
césar-laine;1.0
laroche;2.0
joubert;2.0
casablanca;3.0
chaudey;3.0
deloncle;4.0
fould;4.0
liasses-alpes;1.0
emuel;1.0
ri-;1.0
chard;1.0
sem;1.0
bat;2.0
augê;2.0
baz;1.0
ile;1.0
ueorges;1.0
cnabrie;1.0
chicne;1.0
dutr-eix;1.0
euziére;1.0
sebastien;1.0
iluguet;1.0
côtosdu-nord;1.0
hahert;1.0
maurice-fahre;1.0
seineet-marne;1.0
hmile;1.0
ernestl;1.0
rnbillard;1.0
saint-lrbain;1.0
b-trthou;1.0
baudrv;1.0
berue-lagarde;1.0
bischotfshwim;1.0
hautespyrénée;1.0
meurthe-etmoselle;1.0
priuce;1.0
godefruy;1.0
charruver;1.0
chauiin-servinière;1.0
deuys;1.0
cosmao-dumeuez;1.0
belanne;1.0
delcasse;1.0
delunsmontaud;1.0
desjardin;1.0
ules;1.0
oupuy-dutemps;1.0
fleury-navarin;1.0
floureus;1.0
charente;1.0
asnier;1.0
seine-intérieure;1.0
girunde;1.0
ilaiusselin;1.0
hennon;1.0
jobez;3.0
jonuart;1.0
juigne;1.0
kerjéeu;1.0
labartbe;1.0
kerronnays;1.0
henrii;1.0
lanneiongue;1.0
vicumte;1.0
rochefouéauld;1.0
lascoiiibes;1.0
lasteyrieide;1.0
lavertnjon;1.0
gavriau;1.0
lglise;1.0
legraud;1.0
hasses-pyrénées;1.0
levismirepoix;1.0
lotet-garonne;1.0
lhopneau;1.0
marmuttan;1.0
tinon;1.0
marùéjouls;1.0
michàu;1.0
louir;1.0
mont;1.0
emhei;1.0
morilloî;1.0
noëf;1.0
piichon;1.0
risoal;1.0
ducde;1.0
railliandier;1.0
tréveneuo;1.0
yigér;1.0
brissou;1.0
gollibert;1.0
sèguins;1.0
gi-;1.0
guet;1.0
vicomto;1.0
lacombot;1.0
saiat-martin;1.0
iïenquête-mr;1.0
béram;1.0
philipona;1.0
bougere;1.0
guaudey;1.0
coucuard;1.0
achiile;1.0
tantoiue;1.0
hennardhèrvoches;1.0
louitx;1.0
lachièzo;1.0
lasserret;1.0
lofiot;1.0
plmiie;1.0
milor;1.0
hau;1.0
murlot;1.0
porieu;1.0
armanj;1.0
hoisserin;1.0
sem-;1.0
abollie;1.0
adop;1.0
hon;1.0
coli;1.0
tre;1.0
aprèa;1.0
verilfl;1.0
cation;1.0
res;1.0
recutiés;1.0
iiénin;1.0
princed;1.0
babaud;2.0
lacroze;1.0
bernelagarde;1.0
bouriier;1.0
gaussanel;1.0
gtjillaume;1.0
chavoix-;1.0
coustant;1.0
dausette;1.0
juips;1.0
aronj;1.0
oescubes;1.0
djsleau;1.0
jacaues;1.0
drerix;1.0
escanyê;1.0
farjort;1.0
fleurv-ravarin;2.0
fournoi;1.0
ginrd;1.0
hainbsehn;1.0
jacqnemin;1.0
abbatiq;1.0
lanuelonglle;1.0
larozei;1.0
lavertojon;1.0
hnr-i;1.0
lemle;1.0
moignef;1.0
malaus;1.0
spna;1.0
fjules;1.0
mêzieres;1.0
michaufnord;1.0
nêron-ballcel;1.0
périeî;1.0
fîhon;1.0
hey;1.0
riottfau;1.0
dé;1.0
bonnery-martin;1.0
taiiliandier;1.0
thonian;1.0
terùple;1.0
vieux;1.0
contrh;1.0
argeiifsi;1.0
bizouard-dert;1.0
bontémps;1.0
bony;1.0
cisternes;1.0
bour;1.0
cbandioux;1.0
gibiel;1.0
coinpayré;1.0
dunafme;1.0
labusslêre;1.0
hérisgé;1.0
côtes-du-nord;1.0
levecqlle;1.0
mlrman;1.0
motlot;1.0
raibertl;1.0
gustaye;1.0
sirotmallez;1.0
sounet;1.0
vallê;1.0
vlllejean;1.0
vogiié;1.0
bozêrian;1.0
ghabrié;1.0
adrienl;1.0
chàrles-dupuy;1.0
chaulin-;1.0
serviniere;1.0
aunay;1.0
duvigneaa;1.0
goutvil;1.0
lataurtre;1.0
cuneod;1.0
delanoue;1.0
turrehadotpho;1.0
voti;1.0
bougére;1.0
basse;2.0
alpe;2.0
ci-dessus;1.0
ailcot;1.0
auditired;1.0
lacwm;1.0
barrsard;1.0
maine;1.0
baudryd;1.0
biice;1.0
illeet-vilaine;1.0
bran;1.0
tuet;1.0
chasteiiôt;1.0
dupuy;1.0
dutemps;1.0
legavrian;1.0
basses-pvrénées;1.0
laran;1.0
roboulin;1.0
taillindier;1.0
théulier;1.0
tmerry-delaaou;1.0
viliiers;1.0
vogeu;1.0
bacbimont;1.0
boucbes-dll-rh;1.0
ba-cou;1.0
drôtne;1.0
bourgeois-du;1.0
jura;1.0
aotide;1.0
carpentier-;1.0
risbourg;1.0
godet;1.0
roy;1.0
cnze;1.0
chantetauze;1.0
charollnat;1.0
chauviére;1.0
coiet;1.0
detumade;1.0
oenêcheau;1.0
gastun;1.0
géraultrichard;1.0
guilleniriut;1.0
eux-sèvres;1.0
hautegaronne;1.0
rajou;1.0
hicard;1.0
icote-d;1.0
iernet;1.0
dîïvigneaii;1.0
largentàye;1.0
retenu;1.0
bossy;1.0
ano-las;1.0
bollgère;1.0
cbenavaz;1.0
couehard;1.0
kaure;1.0
guillaln;1.0
ilémon;1.0
hen;1.0
nard;1.0
leflet;1.0
milocbau;1.0
dei;1.0
ptissonnier;1.0
pnmmeray;1.0
audre;1.0
villaia;1.0
avalent;1.0
majoiitê;1.0
élant;1.0
neron;1.0
bancel;1.0
kicard;1.0
seine-lnfprieure;1.0
réa;1.0
lité;1.0
