;1898-11-30
chambre;111.0
député;54.0
législature;9.0
session;1.0
extraordinaire;1.0
compte;6.0
rendu;7.0
extenso;3.0
séance;38.0
mardi;2.0
novembre;10.0
sommaire;3.0
procès-verbal;7.0
bertrand;15.0
excuse;2.0
demande;53.0
congé;16.0
adoption;19.0
projet;73.0
loi;73.0
tendant;14.0
autoriser;3.0
ville;12.0
chambéry;2.0
savoie;5.0
emprunter;6.0
somme;20.0
imposer;3.0
extraordinairement;2.0
tourcoing;2.0
nord;8.0
agen;2.0
lot-et-garonne;4.0
délibération;4.0
résolution;21.0
présenté;5.0
commission;547.0
règlement;35.0
objet;26.0
compléter;8.0
nombre;71.0
grand;94.0
georges;23.0
grau;8.0
rapporteur;62.0
déclaration;3.0
urgence;8.0
article;24.0
unique;7.0
amendement;84.0
vaillant;21.0
collègue;57.0
dutreix;43.0
rejet;3.0
scrutin;28.0
beauquier;13.0
klotz;15.0
plichon;16.0
labussiere;1.0
marcel;22.0
sembat;27.0
chastenet;23.0
emile;35.0
rey;20.0
lot;8.0
rev;1.0
louis;28.0
ricard;28.0
seine-inférieure;20.0
million;10.0
cruppi;12.0
cuneo;36.0
ornano;37.0
laurainë;1.0
odilon-barrot;14.0
lauraine;18.0
lemire;9.0
retrait;1.0
odilonbarrot;3.0
prache;7.0
paragraphe;11.0
modifié;1.0
devient;1.0
iorine;1.0
uueuuoment;1.0
disposition;5.0
additionnelle;5.0
arthur;16.0
groussier;26.0
prise;5.0
considération;7.0
président;91.0
renvoi;5.0
question;85.0
adressée;1.0
ferrero;28.0
ministre;28.0
marine;28.0
réponse;3.0
motion;4.0
ordre;29.0
dépôt;12.0
françois;8.0
hugues;8.0
rapport;20.0
portant;4.0
approbation;5.0
convention;5.0
internationale;2.0
octobre;2.0
transport;2.0
marchandise;2.0
chemin;2.0
fer;3.0
signée;4.0
pari;9.0
juin;4.0
france;11.0
allemagne;2.0
autriche-hongrie;2.0
belgique;2.0
danemark;2.0
italie;2.0
luxembourg;2.0
paysbas;1.0
russie;2.0
suisse;2.0
roy;6.0
loulay;6.0
nom;13.0
ire;1.0
initiative;8.0
proposition;92.0
droit;27.0
association;2.0
camiile;1.0
pelletan;5.0
régularisation;2.0
décret;2.0
conseil;5.0
etat;11.0
ouverture;6.0
annulation;4.0
crédit;13.0
exercice;6.0
spéciaux;2.0
clos;3.0
périmés;2.0
ouver-;1.0
ture;1.0
titre;9.0
budget;31.0
annexe;3.0
germain;5.0
périer;9.0
teni;1.0
dant;1.0
faire;80.0
jproroger;1.0
année;16.0
primïïs;1.0
allouées;2.0
industrie;7.0
schiste;2.0
clwlau;1.0
paul;25.0
dussaussoy;5.0
modifier;5.0
mode;5.0
électoral;2.0
sénat;4.0
devin;5.0
indemniser;2.0
poursuivies;2.0
requête;2.0
ministère;19.0
publie;1.0
condamné;2.0
cour;10.0
assise;4.0
tribunal;16.0
police;6.0
correctionnelle;2.0
simple;7.0
andré;2.0
castelin;4.0
relative;12.0
douane;4.0
appliquer;5.0
chevaux;2.0
importés;2.0
présidence;1.0
deschanel;4.0
ouverte;1.0
jourde;4.0
secrétaire;5.0
donne;7.0
lecture;5.0
hier;2.0
proclamé;1.0
pointage;1.0
porté;6.0
absent;7.0
déclare;7.0
mis;8.0
bulletin;1.0
bleu;1.0
urne;1.0
est-à-dire;5.0
voté;19.0
suspension;3.0
observation;13.0
adopté;24.0
claude;4.0
rajon;3.0
laloge;6.0
estournelles;4.0
excusent;3.0
pouvoir;9.0
assister;7.0
jour;42.0
robert;5.0
surcouf;4.0
rauline;4.0
bozérian;5.0
borie;5.0
demandent;1.0
renvoyées;5.0
intérêt;13.0
local;5.0
appelle;4.0
discussion;14.0
adopte;1.0
successivement;1.0
forme;4.0
réglementaires;1.0
texte;2.0
lor;1.0
pro;1.0
gautret;4.0
art;5.0
autorisée;4.0
taux;3.0
excédant;3.0
remboursable;3.0
an;15.0
destinée;5.0
exécution;1.0
travaux;14.0
voirie;1.0
notamment;7.0
création;23.0
place;8.0
publique;13.0
élargissement;1.0
passage;1.0
corps-de-garde;1.0
emprunt;4.0
pourra;10.0
réalisé;3.0
publicité;3.0
concurrence;3.0
gré;7.0
souscription;6.0
faculté;5.0
émettre;4.0
obligation;3.0
porteur;4.0
transmissibles;3.0
endossement;3.0
directement;4.0
auprès;3.0
caisse;7.0
consignation;3.0
nationale;6.0
retraite;8.0
vieillesse;3.0
foncier;3.0
condition;11.0
établissement;6.0
ouvrir;4.0
traité;3.0
passer;7.0
préalablement;3.0
soumises;5.0
intérieur;3.0
ntérieur;1.0
partir;4.0
centime;1.0
additionnels;1.0
principal;1.0
contribution;1.0
directes;1.0
produit;6.0
imposition;1.0
évalué;1.0
totalité;1.0
servira;1.0
rembourse;1.0
capital;1.0
concurremment;1.0
prélèvement;3.0
annuel;6.0
revenu;5.0
ordinaire;7.0
municipale;2.0
moyen;18.0
pourvoir;2.0
frai;2.0
cimetière;1.0
berton;3.0
lotet-garonne;1.0
ressource;4.0
construction;1.0
maison;1.0
école;1.0
fille;1.0
quartier;1.0
sembel;1.0
lre;4.0
permission;3.0
exposer;1.0
sommairement;1.0
motif;3.0
proposée;6.0
but;14.0
instituer;9.0
nouvelle;42.0
savez;7.0
Monsieur;50.0
propose;19.0
nommer;13.0
nomination;23.0
méthode;3.0
sorte;7.0
hasard;2.0
novem;1.0
bre;1.0
institué;5.0
enseignement;7.0
octroi;2.0
honorable;39.0
disait;9.0
vaudrait;2.0
mieux;7.0
voter;10.0
suite;9.0
demandons;13.0
proposons;6.0
absolument;13.0
distincte;1.0
réforme;87.0
décidant;1.0
lieu;22.0
permettrez;2.0
souffrance;1.0
examinées;2.0
compétentes;1.0
attribution;18.0
déterminées;1.0
pouvant;1.0
contrôler;2.0
méthodiquement;1.0
travail;32.0
parlementaire;13.0
pouvons;4.0
rester;4.0
incohérence;1.0
résulte;1.0
éparpillement;1.0
ailleurs;8.0
interprète;1.0
fidèle;2.0
volonté;4.0
maniféstées;1.0
vote;29.0
antérieurs;1.0
avez;22.0
eflet;1.0
décidé;10.0
institution;6.0
permanence;3.0
élection;9.0
bureau;50.0
élu;9.0
permanente;8.0
trompe;2.0
dis;6.0
grandes-;1.0
moment;22.0
délibérait;1.0
décide;8.0
déjà;55.0
lune;1.0
reste;10.0
sont-elles;2.0
législation;80.0
civil;70.0
criminelle;58.0
administration;30.0
départementale;18.0
communale;19.0
commerce;6.0
fiscale;5.0
permettez-moi;1.0
chacune;5.0
remonter;1.0
tribune;15.0
répon-;1.0
dre;1.0
immédiatement;1.0
proposés;1.0
évident;7.0
impose;3.0
êtes;3.0
saisi;5.0
code;28.0
procédure;23.0
instruction;4.0
commencement;3.0
siècle;1.0
empire;1.0
condensé;1.0
assemblée;8.0
révolution;3.0
français;2.0
promulgué;1.0
servi;1.0
modèle;3.0
europe;1.0
entière;2.0
présente;5.0
malheureusement;3.0
avons;21.0
devancés;1.0
judiciaires;2.0
pays;19.0
monde;7.0
accord;9.0
re-;1.0
connaître;4.0
surannée;1.0
contestera;1.0
pense;1.0
utilité;5.0
mission;7.0
spéciale;18.0
étude;13.0
seule;13.0
objection;7.0
puisse;8.0
existe;16.0
judiciaire;52.0
principalement;1.0
instituée;4.0
occuper;8.0
organisation;32.0
exemple;8.0
extension;3.0
compétence;14.0
juge;7.0
paix;12.0
surplus;2.0
mettront;1.0
lachambre;1.0
défaut;1.0
départagera;1.0
a-t-il;3.0
distinctes;2.0
pensons;2.0
doute;10.0
grosse;1.0
donné;6.0
côté;7.0
croyons;3.0
suffire;1.0
tâche;4.0
arrive;2.0
présenter;4.0
votant;11.0
ancien;6.0
mensuelles;2.0
chargées;3.0
examiner;11.0
remplacées;1.0
chargée;19.0
relatif;8.0
communaux;2.0
départementaux;2.0
indispensable;3.0
mettre;16.0
unité;2.0
établir;2.0
jurisprudence;2.0
examen;13.0
raison;11.0
hésiterez;1.0
convaincu;1.0
constituer;3.0
définitivement;1.0
prévoit;1.0
pose;3.0
décentralisation;52.0
pensé;7.0
seraient;6.0
utilement;4.0
saisie;19.0
série;4.0
permettront;1.0
constater;3.0
apportera;2.0
idée;7.0
décentralisateur;2.0
application;3.0
ardemment;1.0
désirée;1.0
membre;73.0
notts;1.0
meilleur;9.0
triompher;2.0
confier;2.0
soin;5.0
étudier;14.0
insister;5.0
déjàinstitue;1.0
agriculture;4.0
faut;27.0
donner;13.0
branéhes;1.0
production;1.0
concernent;3.0
enfin;10.0
aurait;18.0
impôt;2.0
évidemment;1.0
financière;1.0
purement;2.0
simplement;13.0
confirmer;1.0
émis;4.0
élargissant;1.0
cercle;1.0
delégislation;1.0
apportons;1.0
insiste;4.0
nécessité;3.0
faveur;4.0
commun;2.0
aurez;4.0
ensuite;5.0
agit;11.0
permettre;5.0
fonctionnement;9.0
normal;2.0
régulier;1.0
régime;5.0
décider;8.0
attendent;1.0
lé;1.0
livrés;1.0
instituez;1.0
renvoyés;5.0
organisées;4.0
prie;3.0
répète;10.0
déclarer;1.0
applaudissement;18.0
oppose;2.0
demandée;1.0
déclarée;1.0
indépendamment;3.0
nommé;5.0
trente-trois;21.0
public;10.0
beauxarts;2.0
edouard;14.0
allard;5.0
breton;8.0
chauvière;6.0
coûtant;4.0
dejeante;5.0
lassalle;6.0
létang;4.0
poulain;5.0
walter;5.0
conçu;4.0
quarante-quatre;11.0
quarantequatre;3.0
permets;2.0
remarquer;6.0
proposées;5.0
présidée;1.0
uniquement;2.0
développer;1.0
diffère;1.0
importance;5.0
changement;1.0
dit;17.0
répété;1.0
nécessaire;12.0
changer;4.0
point;25.0
vue;16.0
ajouté;1.0
vouloir;8.0
ensemble;10.0
serait;18.0
désorganiser;3.0
nommées;4.0
annuler;1.0
accompli;4.0
part;33.0
poursuivre;2.0
importait;1.0
retard;1.0
réclamait;1.0
combat;3.0
usa;1.0
borne;8.0
formellement;1.0
répartis;7.0
ordonné;9.0
réclame;4.0
recherche;5.0
avoue;4.0
atteint;2.0
respecté;4.0
calcule;1.0
vingthuit;1.0
entreraient;1.0
pouvait;7.0
partie;35.0
opinion;4.0
considérable;7.0
exclu;5.0
restreint;1.0
resteront;1.0
accaparées;1.0
favori;1.0
indiscutable;1.0
avoué;1.0
prouvé;1.0
empêcher;3.0
développement;1.0
obtenir;5.0
proposant;3.0
aviser;2.0
offre;1.0
pourrait;8.0
suppose;2.0
repousse;3.0
annulant;1.0
effectué;1.0
recommençant;1.0
répartir;4.0
repousseriez;1.0
mesure;10.0
radical;1.0
acte;4.0
accepter;1.0
remettre;2.0
ajouter;12.0
autant;1.0
possible;8.0
def;1.0
manière;2.0
augmenterez;1.0
participant;1.0
arriver;14.0
résultat;24.0
eût;5.0
préférable;2.0
demander;7.0
fussent;2.0
cinquantecinq;1.0
élire;3.0
créée;4.0
vextrême;9.0
gauche;31.0
principe;11.0
cinquante-cinq;3.0
rencontrerait;1.0
opposition;10.0
crois;28.0
ait;8.0
repousser;3.0
amets;1.0
rallie;2.0
solution;6.0
consiste;8.0
laissant;1.0
avenir;5.0
rectification;1.0
pratique;10.0
cas;6.0
peut-être;7.0
feront-ils;1.0
temps;18.0
ultérieurement;2.0
rectifier;1.0
erreur;6.0
mainteniez;1.0
aveu;2.0
exclusion;2.0
devaient;2.0
prenant;2.0
fond;8.0
prendront;1.0
extrême;14.0
cassagnac;5.0
système;2.0
implique;1.0
minorité;2.0
discuterons;1.0
actuellement;7.0
trentetrois;3.0
estime;5.0
opérer;6.0
répartition;14.0
regret;1.0
poursuit;2.0
propo-;1.0
sition;1.0
entraverait;1.0
présence;8.0
publiques;1.0
assiduité;1.0
intermittent;1.0
rit;8.0
instituons;1.0
arrivera-t-il;1.0
jamais;6.0
majorité;15.0
faudra;1.0
veut;14.0
observer;5.0
fidèlement;1.0
obligé;5.0
ajourner;1.0
singulière;2.0
assidus;1.0
difficile;2.0
réunir;4.0
absolue;11.0
moitié;1.0
chenel;4.0
diminuez;1.0
quorum;3.0
entends;6.0
réduisez;1.0
réduction;5.0
rendra;1.0
instables;1.0
arrivera;1.0
réunis;1.0
lendemain;1.0
avis;5.0
présent;10.0
difficulté;5.0
actuel;3.0
poursuivez;1.0
idéal;2.0
voudrais;3.0
atteindre;3.0
savezvous;1.0
commencer;1.0
existantes;4.0
supprimées;1.0
oui;7.0
ete;1.0
raite;1.0
retiré;2.0
pourraient;3.0
soupçonnées;1.0
écraser;1.0
reléguant;1.0
considérées;1.0
importantes;7.0
faudrait;8.0
procédassent;1.0
commençassent;1.0
moindre;1.0
représentant;1.0
puissent;5.0
réserver;1.0
monopole;1.0
effectivement;1.0
poursuivent;1.0
mathématique;2.0
dissoudre;1.0
propos;3.0
éliront;1.0
méthodique;3.0
commençant;1.0
soumets;1.0
résoudre;1.0
héroïquement;1.0
entend;2.0
procéder;4.0
amputation;1.0
arrête;1.0
fonctionné;3.0
honneur;10.0
proposer;3.0
rencontré;2.0
presque;6.0
unanime;1.0
contraire;10.0
sontelles;1.0
expérience;2.0
faite;5.0
réussi;2.0
continuer;1.0
combattre;4.0
chose;11.0
nullement;2.0
demandé;6.0
détruisît;1.0
existante;6.0
cherche;1.0
respecter;2.0
terme;4.0
maintenez;1.0
créées;1.0
votez;1.0
fassent;2.0
enirer;1.0
convoquez;1.0
constituées;2.0
élise;1.0
nommée;12.0
nommeront;1.0
chiffre;9.0
maintenu;1.0
pourront;9.0
lors;3.0
accepte-t-il;1.0
augmenter;4.0
trouve;7.0
gênera;2.0
tantôt;6.0
dit-il;1.0
présenta;1.0
quantité;1.0
objecte;1.0
suffisamment;3.0
exacts;1.0
réponds;1.0
élimination;1.0
aui;1.0
désireraient;1.0
prendre;10.0
inexactitude;1.0
sensible-;1.0
admis;2.0
pouvaient;2.0
oublier;1.0
antérieurement;1.0
savoir;5.0
envoyé;7.0
électeur;5.0
participer;3.0
chambra;1.0
conséquent;4.0
pwi;1.0
violer;1.0
éliminer;1.0
chercher;2.0
fixer;2.0
assurer;2.0
avantage;3.0
énorme;1.0
aurons;4.0
chance;3.0
cherché;2.0
changerons;1.0
semble;14.0
argument;3.0
opposer;4.0
exactitude;3.0
domine;1.0
préoccupation;3.0
demanderai;1.0
liste;5.0
publiée;1.0
journal;9.0
officiel;3.0
aurions;1.0
antérieur;2.0
important;4.0
édicte;1.0
invite;2.0
voir;6.0
mandat;2.0
charles;33.0
viens;5.0
paraît;3.0
préjudicielle;3.0
produire;1.0
instituait;1.0
ores;1.0
supposées;1.0
actuelle;6.0
déterminé;2.0
viendra;2.0
tard;2.0
fixât;1.0
nommera;1.0
arrêté;1.0
loisible;1.0
définies;1.0
pouvez;3.0
limiter;3.0
avance;2.0
limite;1.0
discutons;4.0
précisément;5.0
prononcer;2.0
limitation;1.0
comprenez;2.0
décidez;2.0
comprendront;1.0
seules;1.0
pourrez;4.0
instituées;2.0
lëurs;1.0
voulais;2.0
subordonné;1.0
seu-;1.0
lement;1.0
décidera;1.0
augmenté;1.0
répondre;2.0
mets;13.0
voix;24.0
reçu;13.0
bourrât;5.0
paschal;5.0
grousset;5.0
raymond;7.0
leygue;6.0
jules-louis;4.0
clec;4.0
fournier;4.0
lamendin;5.0
boyer;4.0
baulard;3.0
calvinhac;4.0
renou;5.0
ouvert;3.0
recueillis;3.0
dépouillement;6.0
arrivons;3.0
énumération;4.0
figure;3.0
reconnais;2.0
volontiers;2.0
double;7.0
emploi;9.0
départenu;1.0
tale;1.0
attribuées;1.0
laissera;1.0
intéressantes;1.0
préoccupent;1.0
esprit;4.0
ignorez;1.0
rap-;1.0
progrès;1.0
considérables;1.0
programme;1.0
dernier;15.0
mauvais;3.0
indiquer;5.0
orientation;2.0
établissant;1.0
voulez;9.0
ajoutez;1.0
montrer;2.0
grave;6.0
rentreraient;1.0
réduire;2.0
central;3.0
profit;1.0
également;9.0
simplifier;2.0
large;5.0
rouage;7.0
centrale;4.0
composition;3.0
produise;1.0
suppression;7.0
renvoyée;7.0
réponde;1.0
vouliez;2.0
rubrique;1.0
rédaction;1.0
donnerait;1.0
satisfaction;6.0
modestement;1.0
lotz;1.0
accepte;5.0
définie;2.0
dansées;1.0
revision;3.0
fonction;10.0
administratif;37.0
sens;11.0
simplification;11.0
service;27.0
ressortissant;3.0
établi;4.0
inutiles;5.0
équitable;3.0
traitement;18.0
fonctionnaire;8.0
sensible;4.0
dépasse;3.0
amélioration;5.0
apportée;3.0
petit;14.0
entré;1.0
fallait;2.0
remédier;1.0
situation;7.0
inquiétante;1.0
charge;4.0
croissantes;1.0
imposée;1.0
dépense;9.0
augmentent;2.0
réalité;11.0
trouvé;5.0
économie;31.0
sérieux;6.0
atteindrait;1.0
grâce;2.0
existant;4.0
rappelle;2.0
mémoire;1.0
extraparlementaire;6.0
étudié;2.0
effort;9.0
dirai;3.0
fâcheux;3.0
augmentation;6.0
suivi;1.0
marche;1.0
parallèle;3.0
accroissement;1.0
aboutir;6.0
politique;3.0
réclamée;1.0
parle;5.0
entier;2.0
présentons;1.0
proclamer;1.0
obtenu;2.0
négatif;2.0
spécifié;2.0
nette;3.0
porter;6.0
comportant;1.0
compensation;1.0
réaliser;8.0
certainement;8.0
possibles;1.0
élève;1.0
milliard;1.0
demi;1.0
supprimer;1.0
spécifie;1.0
nettt;1.0
livrer;1.0
devront;2.0
conclusion;3.0
cru-;1.0
devoil;1.0
aval;1.0
apporter;6.0
modification;1.0
quelques-uns;1.0
élevés;1.0
protesté;1.0
excessif;2.0
rencontrés;1.0
réclamé;1.0
diminution;6.0
montré;1.0
finance;4.0
exagérées;1.0
consenties;2.0
face;1.0
partielle;1.0
parlé;4.0
trésorerie;1.0
générale;1.0
titulaire;1.0
reçoivent;1.0
conteste;1.0
cochery;5.0
reconnu;3.0
abus;6.0
trésorier;1.0
général;10.0
nour;2.0
abonnement;1.0
personnel;5.0
matériel;2.0
besoin;7.0
réel;2.0
accepté;4.0
promettant;1.0
inspecteur;3.0
lorsqu;10.0
exprimé;2.0
nouvoirs;1.0
songé;2.0
créer;19.0
cantonale;1.0
sais;1.0
acception;2.0
comprend;5.0
motivé;2.0
réunion;2.0
allusion;1.0
fort;12.0
uvre;7.0
poursuis;1.0
proportion;1.0
modestes;2.0
immédiat;1.0
détermine;2.0
exactement;3.0
livrera;1.0
étudiera;1.0
commencé;3.0
pénétrer;4.0
résolument;1.0
arcane;1.0
déposé;14.0
intéressant;3.0
montre;2.0
étouffons;1.0
poids;1.0
centralisation;4.0
outrance;1.0
sortent;1.0
abouti;2.0
tendabt;1.0
conséquence;1.0
entraînera;1.0
nécessairement;1.0
mise;4.0
seconde;3.0
gros;2.0
traioumbrg;1.0
tements;1.0
veux;9.0
entrer;4.0
détail;3.0
disais;1.0
livré;1.0
approfondi;1.0
peine;3.0
étudiant;1.0
constituant;1.0
parlais;1.0
trésorierspayeurs;1.0
aurai;2.0
occasion;3.0
parler;10.0
longuement;1.0
laissez-moi;2.0
acceptée;2.0
drpit;1.0
penser;3.0
allait;1.0
paraître;2.0
attendais;1.0
réalisée;1.0
est-ce;11.0
apporté;2.0
consulté;1.0
figuraient;1.0
déduit;1.0
alloué;1.0
trésoriers-payeurs;2.0
tenu;1.0
promesse;3.0
envolée;1.0
a-t-on;1.0
touché;1.0
contrôlées;1.0
voulu;4.0
incitée;1.0
agir;4.0
éviter;6.0
semblable;3.0
déception;1.0
ellemême;1.0
besogne;9.0
désire;1.0
procède;1.0
pénètre;2.0
apporte;1.0
renseignement;3.0
conformer;2.0
réellement;1.0
utile;3.0
devoir;9.0
déterminer;3.0
vraiment;2.0
abusifs;1.0
écrasant;1.0
contribuable;1.0
voulons;4.0
dégrèvement;1.0
atténuer;1.0
lourde;4.0
allocation;1.0
dépassent;1.0
cru;2.0
base;4.0
opération;2.0
espère;3.0
fera;3.0
présentera;1.0
pût;2.0
tôt;1.0
accomplie;1.0
dis-je;2.0
élément;2.0
manque;4.0
aisément;1.0
diminuer;1.0
chef;4.0
réalisera;1.0
véritablement;3.0
écononomie;1.0
chon;1.0
retiendrai;1.0
atten;1.0
tion;2.0
écouté;2.0
attention;4.0
ferait;1.0
venons;2.0
bienf;3.0
exact;1.0
adjoint;1.0
désir;5.0
pai;1.0
devînt;1.0
désorganisation;2.0
inconvénient;7.0
prétexte;1.0
recherchons;2.0
vînt;1.0
réalisées;1.0
effective;1.0
chapitre;1.0
illimité;1.0
travailleur;2.0
com;1.0
élevé;2.0
reconnaître;3.0
voudraient;1.0
disséminât;1.0
arrivât;1.0
poussière;2.0
précédé;1.0
ralliera;1.0
vient;5.0
décidée;1.0
bussière;3.0
labussière;7.0
développée;1.0
analogie;1.0
déposer;1.0
déposée;2.0
vendredi;5.0
offrent;1.0
différencient;1.0
critique;2.0
justement;3.0
formulées;2.0
errement;1.0
renouvelées;1.0
candidat;1.0
perpétuant;1.0
budgétaires;1.0
grossissant;1.0
attribue;1.0
impuissance;1.0
variété;1.0
excessive;1.0
complication;4.0
oit;1.0
commistres;1.0
impossible;3.0
sion;1.0
organisme;1.0
administrai;1.0
tions;1.0
discutez;1.0
pardon;3.0
rechercher;2.0
concerne;3.0
nature;6.0
préconise;1.0
démonstration;2.0
extraparlementaires;2.0
impuissantes;1.0
signaler;1.0
conviendrait;3.0
corriger;1.0
maintes;1.0
nomme;2.0
aboutissent;1.0
réserve;5.0
fournir;1.0
explication;3.0
complètes;1.0
venu;2.0
convient;1.0
attendre;3.0
décision;3.0
adopter;1.0
banc;20.0
appuyer;2.0
présentées;1.0
essentielle;2.0
entendu;3.0
devait;3.0
étendre;1.0
lieutenant-colonel;7.0
halgouet;4.0
rentrant;1.0
venez;5.0
maintient;1.0
boit;1.0
féconde;1.0
-nos;1.0
-et;1.0
rappelé;1.0
repoussait;1.0
peur;1.0
paraissait;2.0
suffisante;1.0
ressemble;1.0
soumettre;3.0
précis;2.0
indication;4.0
envisager;1.0
vérité;5.0
peut-on;1.0
tend;1.0
reporter;1.0
électives;1.0
enlevé;1.0
comparée;1.0
répondent;1.0
exigent;1.0
voulez-vous;7.0
procéderez-vous;1.0
crains;3.0
soient;8.0
souvent;3.0
conflit;14.0
redoute;1.0
affecte;1.0
département;1.0
région;1.0
commune;2.0
trouviez;1.0
parlez;7.0
occuperait;3.0
obj;1.0
ection;1.0
incombe;2.0
dissimuler;1.0
tentés;1.0
travaillé;3.0
antérieures;1.0
accomplir;1.0
aboutira;2.0
trouvera;2.0
effectuer;1.0
action;5.0
entreprendra;1.0
stimuler;1.0
entreprise;1.0
modeste;4.0
promptement;1.0
précise;1.0
rôle;2.0
appellerai;1.0
croyez-vous;2.0
confiance;1.0
rapide;1.0
vingt-cinq;1.0
concède;1.0
facile;4.0
satisfaisants;1.0
déterminée;3.0
investigation;1.0
livrant;1.0
importante;1.0
comprenons;1.0
portera;1.0
nominatiop;1.0
ter-;1.0
minant;1.0
nettement;2.0
heureux;2.0
attendues;1.0
promis;2.0
tendre;2.0
accepterez;1.0
conviction;1.0
répond;1.0
courtes;2.0
permis;3.0
interruption;7.0
occupons;2.0
particulières;1.0
considère;3.0
parallèlement;1.0
étudieront;1.0
auestions;1.0
permettez;2.0
exprime;2.0
heurterez;1.0
confusion;5.0
contradiction;1.0
diffi-;1.0
cuités;1.0
loin;2.0
partage;1.0
désirer;5.0
incombera;1.0
qualifiées;1.0
armée;2.0
fruit;1.0
catégorie;7.0
employé;1.0
colonie;1.0
demandez;2.0
encyclopédie;1.0
aire;1.0
blessant;1.0
bâtisse;1.0
façade;1.0
arrivions;1.0
écarter;1.0
prétention;1.0
méprendre;1.0
égard;1.0
ordonner;1.0
bienl;1.0
dénégation;1.0
sem-;1.0
bat;1.0
fêtais;1.0
douter;1.0
formulée;1.0
avion;2.0
applaudie;1.0
lue;1.0
entraînerait;1.0
long;3.0
débat;6.0
semblerait;1.0
contenait;1.0
excellente;2.0
bonne;6.0
obstine;1.0
celai;1.0
parviendra;1.0
confond;1.0
comprends;4.0
prix;1.0
donniez;1.0
émargement;1.0
centre;6.0
puisqu;3.0
redouter;1.0
hes;1.0
longue;5.0
haleine;1.0
preuve;5.0
incapable;1.0
mener;2.0
fin;3.0
cherchez;1.0
voyez;4.0
thomson;4.0
ra-;1.0
contait;1.0
nisunre;1.0
lllleressalhe;1.0
bénéfice;2.0
âge;3.0
notée;1.0
intégralement;1.0
retrouver;2.0
registre;3.0
aventure;1.0
passée;1.0
paraît-il;1.0
coup;2.0
véritable;3.0
catastrophe;1.0
restait;1.0
inemployés;1.0
naturellement;3.0
convoqué;1.0
agent;1.0
tâcher;1.0
dissiper;1.0
surcroît;1.0
menaçait;1.0
compromettre;1.0
division;2.0
vis-à-vis;1.0
racontait;2.0
découvert;1.0
procédé;2.0
commandant;2.0
douille;2.0
cartouche;2.0
aboli;1.0
commandées;1.0
exclusivement;1.0
employer;1.0
argent;1.0
pussent;2.0
magasin;4.0
fournisseur;1.0
vieille;1.0
matière;14.0
exclamation;2.0
noter;1.0
anecdote;1.0
paru;1.0
scandaleuse;1.0
comte;48.0
elva;4.0
trahison;3.0
gaspiller;1.0
nationaux;1.0
estvrai;1.0
arriverez;1.0
réprimer;1.0
constitué;3.0
spécialement;3.0
vigilant;1.0
découvrir;1.0
auteur;2.0
responsable;1.0
voterai;1.0
davantage;4.0
vois;7.0
exposées;1.0
sait;1.0
aime;2.0
croire;3.0
occupé;1.0
vise;1.0
exposait;1.0
expliquer;3.0
déplorons;1.0
paperasserie;1.0
décentralisez;1.0
décongestionnez;1.0
aimez;1.0
affluence;1.0
affaire;7.0
province;1.0
bornerai;1.0
citer;1.0
intitulait;1.0
occupée;2.0
rentrent;3.0
cadre;1.0
décenralisation;1.0
considérer;2.0
régulière;1.0
attend;2.0
signées;1.0
dunaime;4.0
bérard;4.0
batut;4.0
armez;4.0
forni;4.0
charruyer;4.0
babaud-lacroze;4.0
delbet;4.0
maymac;4.0
paulbeauregard;1.0
fanien;4.0
chambige;3.0
bony-cisternes;4.0
guyot-dessaigne;4.0
rolland;4.0
gauthier;5.0
clagny;5.0
andrieu;4.0
chamerlat;4.0
bachimont;3.0
balandreau;4.0
roux;4.0
berteaux;4.0
crétaires;1.0
vgtants;1.0
libellé;3.0
publia;1.0
beaux-arts;3.0
paraissez;1.0
créé;2.0
peutêtre;2.0
prudemment;1.0
retirant;1.0
dédoublement;1.0
revanche;1.0
abandonner;1.0
main;2.0
consciencieux;1.0
remarqué;1.0
illogisme;1.0
permette;2.0
alarmé;1.0
serez;2.0
forcé;1.0
suffit;3.0
plier;1.0
exigence;1.0
logique;1.0
pénal;2.0
poui;1.0
honorer;1.0
trèt;1.0
iivers;1.0
avertis;1.0
prévue;1.0
conféré;1.0
compétenr;1.0
absence;1.0
profondément;1.0
regrettable;2.0
étranger;2.0
instant;2.0
diviser;4.0
guillaume;11.0
morceler;1.0
renforcer;1.0
tiennent;1.0
juridiction;2.0
commerciale;3.0
julien;13.0
goujon;13.0
établissez-vous;1.0
distinction;5.0
justice;6.0
proposez;2.0
parfaitement;1.0
dites;3.0
revendiqués;1.0
doive;2.0
rentrer;1.0
rentrerait;1.0
criminel;2.0
renverra;2.0
trancher;2.0
vouspropose;1.0
désignation;1.0
gratuitement;1.0
fasse;2.0
obstacle;1.0
adjonction;1.0
sanctionner;1.0
divisera;1.0
spécialité;1.0
intitulée;1.0
commercial;3.0
industriel;3.0
international;1.0
désigne;1.0
pensée;7.0
faisons;1.0
dénomination;3.0
jean;5.0
faisait;1.0
séparation;2.0
faciles;1.0
principale;1.0
existait;1.0
démontre;2.0
fur;1.0
jet;1.0
continu;1.0
figurera;1.0
préparée;1.0
annoncée;1.0
poursuivons-nous;1.0
émiettonsl;1.0
arriverions;1.0
diamétralement;1.0
opposé;1.0
poursuivons;1.0
classement;1.0
revenir;3.0
détruites;1.0
aient;5.0
étlquette;1.0
amen;1.0
dement;1.0
repoussé;1.0
subsiste;1.0
combattu;1.0
coupé;1.0
expliqué;2.0
distribué;2.0
hâter;1.0
arrivez;1.0
dessaisir;8.0
entrepris;1.0
future;1.0
ribot;13.0
cunéo;1.0
dessaisiriez;1.0
assistance;22.0
tranchée;3.0
répondu;3.0
lacune;1.0
appeler;2.0
ferry;4.0
prévoyance;27.0
sociale;17.0
aborderai;1.0
république;5.0
rang;1.0
améliorer;1.0
sort;1.0
déshérité;2.0
faute;4.0
difficiles;1.0
trait;1.0
hospice;3.0
hôpital;3.0
bienfaisance;4.0
pauvre;6.0
infirme;4.0
vieillard;4.0
malade;1.0
enfant;3.0
manquer;1.0
tradition;1.0
républicain;1.0
installée;1.0
considéré;2.0
rappelez-vous;1.0
célèbre;1.0
comité;6.0
extinction;1.0
mendicité;6.0
fut;7.0
constituante;1.0
présidait;1.0
trouvons;1.0
thiers;1.0
laissé;1.0
vôus;1.0
entrez;1.0
devez;2.0
relèvent;5.0
assurance;16.0
opposées;1.0
sacrifice;1.0
pécuniaire;1.0
malheureux;2.0
dénués;1.0
vie;2.0
privation;1.0
supprimerez;1.0
misère;1.0
misérables;1.0
société;1.0
venir;1.0
aide;1.0
mesur;1.0
soulevée;1.0
indique;3.0
dénommée;1.0
renvoya;2.0
tarda;1.0
engager;1.0
nuire;2.0
relevant;1.0
retira;1.0
eut;1.0
similaires;1.0
vice-président;2.0
appel;1.0
souvenir;1.0
démentira;1.0
qualifiée;1.0
dissemblables;1.0
gouvernement;6.0
élaboré;1.0
projetai;1.0
gestion;2.0
simplicité;1.0
fusionner;1.0
médicale;1.0
prétendrez-vous;2.0
genre;1.0
relève;1.0
vagabondage;2.0
précédente;2.0
séparer;1.0
montrera;1.0
sollicitude;1.0
présentaient;1.0
claire;1.0
soutenir;1.0
pénètrent;1.0
toucher;2.0
intéresse;1.0
ouvrière;2.0
solidarité;5.0
enet;1.0
maruéjouls;3.0
précédent;1.0
ca-;1.0
binet;1.0
versement;3.0
effectués;2.0
intéressé;2.0
patron;2.0
subvention;1.0
ouvrier;4.0
corrélatif;1.0
intervenir;1.0
transitoires;2.0
comprendrais;1.0
établirait;1.0
départ;4.0
présider;1.0
émanent;1.0
puech;3.0
citoyen;1.0
âgés;1.0
soixante-cinq;1.0
touchent;3.0
promulguée;1.0
pension;4.0
vertu;4.0
toucheront-ils;1.0
prévu;2.0
assuré;1.0
législative;2.0
laisser;3.0
secours;4.0
économiser;1.0
précisée;2.0
présentée;1.0
voit;2.0
décidait;1.0
vieux;1.0
remplacé;1.0
vrai;9.0
actuels;1.0
représentent;1.0
animent;2.0
pénétreraient;1.0
discuter;1.0
mal;1.0
soixante-six;1.0
justifie;1.0
préventifs;1.0
continueront;1.0
mendier;1.0
indemnité;1.0
accordé;2.0
avantles;1.0
occupera;1.0
evidemment;2.0
mendiant;1.0
vagabond;1.0
continuent;1.0
inquiéter;1.0
population;6.0
rurales;1.0
poursuivis;1.0
préservation;1.0
ajoute;2.0
désirez;1.0
donnerez;1.0
appellerez;1.0
agréable;1.0
empêche;1.0
tort;1.0
pris;10.0
répons-e;1.0
rapporte;2.0
dessaisie;1.0
étiez;1.0
porta;1.0
ques-;1.0
soulever;1.0
tendait;1.0
attribuer;2.0
assis;1.0
tance;1.0
domicile;1.0
étudie;1.0
ella;1.0
abso;1.0
lument;1.0
indigent;1.0
privé;1.0
mirman;5.0
intéressons;1.0
connexité;1.0
corrélation;1.0
efforcer;1.0
décourager;1.0
point-là;1.0
entendre;3.0
concerter;1.0
préventives;1.0
ressortir;1.0
assisté;1.0
abandonné;1.0
orphelin;1.0
famille;1.0
rattachent;2.0
champ;1.0
vaste;1.0
analogue;2.0
votées;1.0
préciser;1.0
li;1.0
supplémentaires;1.0
disparu;2.0
annuelle;1.0
caractère;2.0
réformer;1.0
dossier;1.0
bientôt;1.0
posait;1.0
mérite;1.0
désignées;1.0
appelé;1.0
délibérer;3.0
visée;1.0
agira;1.0
irez;1.0
pratiquement;1.0
examine;3.0
admet;1.0
quotidien;1.0
fonctionneront;1.0
côte;3.0
pourriez;1.0
disant;1.0
aboutiront;2.0
assurément;1.0
veuille;2.0
délimitera;1.0
domaine;2.0
caractérisera;1.0
posée;1.0
légistation;1.0
pourraiton;1.0
traiter;4.0
recrutement;3.0
pourrait-on;3.0
problème;1.0
donnez-nous;1.0
demain;3.0
souscommission;1.0
désignée;1.0
occupe;1.0
suivie;1.0
allons-nous;1.0
dessaisis;2.0
sembleraient;1.0
appartenir;1.0
incident;4.0
comprendrez;1.0
légitimement;1.0
poser;1.0
terminant;1.0
devienne;1.0
délimiter;1.0
appartient;5.0
renvoyer;3.0
compétente;1.0
soumis;2.0
pourrions;1.0
délimitation;2.0
incontestable;1.0
renvoyé;3.0
statue;1.0
souverainement;1.0
dessaisissons;1.0
maîtresse;1.0
créez;2.0
expliquez-vous;1.0
commissien;1.0
magistrature;1.0
dhier;1.0
refaire;1.0
inadmissible;1.0
utjjes;1.0
répondant;1.0
confiés;1.0
pensez;1.0
com-;1.0
prétendez;1.0
touche;3.0
dessaisissez;1.0
henry;12.0
maret;6.0
défaire;1.0
appelez;1.0
juridique;3.0
universelle;1.0
devraient;2.0
déposent;1.0
classent;1.0
saisir;2.0
conservera;1.0
créerez;1.0
renverrez;1.0
attachez;1.0
trouverez;1.0
proposerez;1.0
habitude;2.0
déposées;1.0
rentre;1.0
superflue;1.0
surabondante;1.0
abonde;2.0
nuit;2.0
travailler;4.0
sérieusement;1.0
parfois;1.0
changez;1.0
donnera;1.0
seul;1.0
puis;5.0
créant;2.0
divisée;1.0
sous-commission;1.0
rejeté;1.0
insurmontables;1.0
modifiera;1.0
indirectement;1.0
amené;1.0
aborder;2.0
touchera;1.0
laissez;1.0
envoyez;1.0
rendre;3.0
extrêmement;1.0
regrettables;1.0
perdrez;1.0
précieux;1.0
établira;1.0
reproduira;1.0
prétendant;1.0
intime;1.0
surgir;1.0
divorce;1.0
mariage;1.0
corps;1.0
rapportent;1.0
ligne;4.0
démarcation;1.0
professeur;4.0
prononcera;1.0
couper;2.0
court;1.0
équivoque;1.0
naissance;1.0
perpétuels;1.0
nécessiteraient;1.0
prend;2.0
appellera;2.0
éviterons;1.0
portée;2.0
laùraine;1.0
retire;1.0
soulève;1.0
orateur;1.0
habituent;1.0
silence;1.0
écartant;1.0
correctionnels;2.0
militaire;2.0
écartée;1.0
accepteriez;1.0
sage;1.0
reconnaissiez;1.0
modifiant;1.0
travaillera;2.0
allez;2.0
démontré;1.0
irréfutable;1.0
correctionnel;1.0
magistrat;1.0
composent;1.0
appointement;1.0
avancement;1.0
ressemblent;1.0
existaient;1.0
dessaisirez;2.0
mouvement;5.0
pressentir;1.0
rencontrer;1.0
municipal;1.0
produisaient;1.0
dois;2.0
arrivait;2.0
facilement;3.0
porte;6.0
disputera;1.0
qualificatif;1.0
ajouterez;1.0
éviterez;1.0
revendication;1.0
prenons;1.0
dessin;1.0
fabriquesqu;1.0
refonte;1.0
brevet;1.0
invention;1.0
réclamées;1.0
étudiées;1.0
modifiées;1.0
complétées;1.0
assure;1.0
commerçant;1.0
reconnaissant;1.0
reprocherait;1.0
consacrer;1.0
matériellement;1.0
forcée;2.0
satisfaire;1.0
exprimés;1.0
restera;1.0
continue;2.0
sagement;1.0
agi;1.0
mmission;1.0
réorganisation;1.0
manquera;2.0
réfortne;1.0
parle-à;1.0
renouvellement;1.0
législatif;1.0
persuadé;1.0
devrions;1.0
témoigner;1.0
gratitude;1.0
saurait;2.0
éhicanons;1.0
constamment;1.0
engendrera;1.0
apporteront;1.0
entente;1.0
empiéter;1.0
légiférer;1.0
soyez-en;2.0
convaincus;1.0
abandonnant;1.0
maintenir;2.0
conférées;1.0
sûrs;1.0
voudront;1.0
attendons;2.0
second;2.0
relis;1.0
délibéré;1.0
constituerait;2.0
tombe;1.0
prêt;2.0
retirer;1.0
rangera;1.0
lire;2.0
inclusivement;1.0
forment;1.0
liscale;1.0
conçue;1.0
suivront;1.0
appartenant;1.0
inscrire;3.0
convoqués;1.0
répartiront;1.0
égal;2.0
provisoire;2.0
discutions;1.0
deviendra;1.0
définitif;1.0
intention;1.0
semblent;1.0
valoir;1.0
aprétendu;1.0
auraient;2.0
forcer;1.0
veulent;3.0
commissaire;9.0
laisse;1.0
possibilité;2.0
donnée;1.0
désirant;1.0
empêché;4.0
parti;2.0
insinué;1.0
socialiste;2.0
majorer;1.0
appoint;1.0
éventualité;1.0
timidité;1.0
connu;2.0
devon;2.0
désirent;3.0
trente-six;1.0
sourire;2.0
voterez;1.0
viendront;1.0
volontaire;1.0
régistres;1.0
armand;7.0
porteu;4.0
salon;1.0
refusé;1.0
serais;1.0
qualification;1.0
habert;5.0
unanimité;1.0
maintien;1.0
agisse;1.0
démontrer;1.0
existé;1.0
recrutés;1.0
inscription;5.0
préalable;1.0
-que;1.0
assemblees;1.0
liberté;2.0
permet;1.0
préliminaire;1.0
indiquée;1.0
prévaloir;1.0
électim;1.0
révolutionnaire;1.0
insurrection;1.0
demandions;1.0
voulions;1.0
introduire;1.0
cadenat;5.0
reproche;1.0
demanderont;1.0
intermédiaire;1.0
inscrit;1.0
transaction;1.0
manifesté;1.0
acceptons;1.0
contrainte;1.0
possibité;1.0
défectueux;1.0
indiquez-en;1.0
accepterons;1.0
florent;4.0
pierre;11.0
vau;4.0
villejean;4.0
plaudissements;1.0
délibérions;1.0
inscriront;1.0
seront-ils;1.0
dispose;1.0
réunira;1.0
supplémentaire;1.0
sursis;1.0
prévenir;1.0
pa-;1.0
role;1.0
adresser;1.0
maritime;9.0
toulonnais;2.0
profondm;1.0
légitime;1.0
émotion;3.0
savait;1.0
approvisionnement;16.0
vivres;1.0
projectile;13.0
incomplets;1.0
bruit;4.0
couraient;1.0
arsenal;2.0
inquiétaient;1.0
habitant;1.0
toulon;21.0
émus;1.0
jeté;1.0
cri;1.0
alarme;1.0
précisé;1.0
hautement;1.0
bas;1.0
défense;18.0
armement;7.0
navire;3.0
commises;2.0
renouveler;1.0
énergique;1.0
punisse;1.0
coupable;2.0
négligence;2.0
crime;1.0
nation;2.0
sente;1.0
capable;1.0
protéger;1.0
attentat;1.0
extérieur;1.0
antique;1.0
cause;2.0
humiliation;1.0
osions-nous;1.0
extérieures;1.0
souvenez;1.0
patriotiquement;1.0
douleur;1.0
renoncer;1.0
courant;1.0
enquête;6.0
retour;1.0
danger;2.0
avonscourus;1.0
gravité;1.0
échappera;1.0
ont-ils;2.0
démenti;5.0
timide;1.0
note;3.0
officieuses;1.0
accusation;1.0
aller;1.0
crescendo;1.0
est-il;5.0
semaine;1.0
quintal;2.0
està-dire;1.0
kilogr;2.0
lard;9.0
salé;10.0
conserve;3.0
faisantpartie;1.0
guerre;6.0
dénaturés;1.0
enfouis;2.0
impropres;2.0
consommation;2.0
stock;9.0
troupe;2.0
siège;1.0
voudrait-on;1.0
obligeance;1.0
vérifier;1.0
blé;5.0
manutention;1.0
notredame;1.0
correspond;2.0
livre;1.0
comptabilité;1.0
manquant;2.0
saurait-on;1.0
responsabilité;3.0
passant;1.0
signalée;1.0
armé;1.0
annéee;1.0
eau;1.0
citerne;1.0
colle-noire;2.0
dépourvu;2.0
ministériel;1.0
formel;1.0
mortier;2.0
campagne;1.0
lesdits;1.0
seraient-ils;1.0
train;2.0
rouiller;1.0
direction;1.0
artillerie;2.0
fachoda;4.0
angleterre;2.0
demeure;1.0
évacuer;1.0
rumew;1.0
patriotique;3.0
delcassé;4.0
négociait;1.0
menace;1.0
port;3.0
possédait;1.0
réglementaire;2.0
escadre;10.0
active;1.0
cale;1.0
obligatoire;1.0
constitue;1.0
chargement;3.0
affirmons;1.0
rigoureuse;1.0
inattendue;1.0
hâte;1.0
brest;2.0
cherbourg;1.0
lorient;1.0
drôme;6.0
isère;7.0
ferrée;1.0
approvisionné;1.0
majeure;1.0
arrivaient;1.0
usine;1.0
ruelle;1.0
montage;2.0
doublant;1.0
triplant;1.0
nécessitaient;1.0
franco-anglaise;1.0
momentanément;2.0
éloigné;1.0
viceamiral;2.0
parrayon;4.0
désordre;1.0
lamentable;1.0
dangereuse;1.0
incurie;1.0
serat-elle;1.0
homme;1.0
chargé;1.0
défendre;1.0
pénible;1.0
viennent;1.0
emporter;1.0
châtiment;1.0
exemplaire;4.0
assumé;1.0
réorganiser;1.0
marin;3.0
admirables;1.0
science;1.0
courage;1.0
hérité;1.0
préjugé;1.0
routine;1.0
concours;1.0
vaillants;1.0
jeune;1.0
officier;1.0
souffrent;1.0
héréditaire;1.0
tirer;1.0
chaos;1.0
raisonnable;1.0
moderne;1.0
démocratique;1.0
vivant;1.0
expresse;1.0
user;1.0
énergie;1.0
châtier;1.0
rencontrerez;1.0
rouge;1.0
plaie;1.0
peuple;1.0
conscient;1.0
révélation;4.0
var;6.0
répondait;1.0
timidement;1.0
lockroy;5.0
soute;4.0
bâtiment;1.0
indiqués;1.0
vice-amiral;7.0
enquêter;1.0
collenoire;1.0
agence;1.0
havas;1.0
fixé;2.0
emmagasiné;1.0
visé;1.0
officieuse;1.0
neiprécise;1.0
époque;3.0
récemment;1.0
visité;1.0
allé;1.0
visu;1.0
défectuosité;1.0
signalées;1.0
interviewé;1.0
rédacteur;2.0
marseillais;1.0
histoires-là;1.0
cessent;1.0
néron-bancel;7.0
écoutent;1.0
jaille;2.0
arrondissement;1.0
répondit;1.0
espèce;1.0
discrétion;1.0
rieunier;5.0
honteux;1.0
raconter;1.0
pareille;1.0
sache;1.0
passe;1.0
dise;2.0
rassurer;4.0
autorité;2.0
ajoutait;1.0
polémique;2.0
susceptible;1.0
atteinte;1.0
sentiment;1.0
discipline;1.0
ordonnée;2.0
préfet;1.0
faible;1.0
laissent;1.0
entièrement;1.0
subsister;1.0
véracité;1.0
écrit;1.0
lamentables;1.0
joindre;1.0
dénoncé;1.0
cité;1.0
plan;12.0
ultrasecret;1.0
uniques;1.0
déposés;1.0
préfecture;4.0
rue;1.0
royale;1.0
simultanément;2.0
espoir;1.0
procédait;1.0
envoi;1.0
essentielles;1.0
secrète;1.0
officieux;1.0
revue;1.0
presse;3.0
constaté;1.0
disparition;2.0
carte;2.0
détachés;1.0
enceinte;1.0
transportables;1.0
enlevés;1.0
immenses;1.0
environs;1.0
possession;1.0
disparaître;1.0
fixe;8.0
torpille;3.0
mouillées;1.0
rade;4.0
parlement;1.0
impassible;1.0
angoisse;2.0
étreint;1.0
vaillantes;1.0
réclamer;1.0
lumière;1.0
bout;1.0
allure;1.0
ému;2.0
énergiques;1.0
souffrir;1.0
défaite;1.0
rapidement;1.0
salut;2.0
patriotisme;2.0
ami;1.0
singulièrement;1.0
extraordinaires;1.0
circulé;1.0
locale;1.0
essayé;1.0
heureusement;1.0
lapresse;1.0
parisien;1.0
renoncé;1.0
envoyer;1.0
servent;1.0
aviver;1.0
tomber;1.0
indifférence;1.0
histoire;1.0
conte;1.0
mère;1.0
oie;1.0
pelit;1.0
tour;1.0
mire;1.0
interpellerez;1.0
permettezmoi;1.0
préoccupé;1.0
carrière;1.0
déficit;2.0
déplorable;2.0
enfoui;4.0
pourri;1.0
présentable;1.0
soldat;1.0
munition;1.0
turoyable;1.0
volé;1.0
mobile;1.0
là-dessus;1.0
descendrai;1.0
pleinement;1.0
rassurés;1.0
kilogramme;2.0
complet;2.0
renseigné;1.0
charançon;1.0
rencontre;1.0
quelquefois;1.0
excellent;1.0
constatation;3.0
contrôle;2.0
porc;4.0
fabrication;1.0
présentant;1.0
garantie;1.0
parfaite;1.0
conservation;1.0
inspecte;1.0
existence;1.0
condamnation;2.0
enfouit;2.0
comestible;1.0
jette;1.0
mer;2.0
terre;2.0
trou;1.0
caserne;1.0
recouvre;1.0
enterrement;1.0
rire;1.0
condamner;1.0
plaçons;1.0
bateau;1.0
chaland;1.0
conduisons;1.0
jeton;1.0
appartientpas;1.0
aborde;1.0
manquait;1.0
inquiétude;1.0
patriotiques;1.0
décembre;3.0
prescrivait;1.0
figurer;1.0
représentait;1.0
règle;1.0
prescription;2.0
usinage;3.0
dure;1.0
complètement;1.0
assemblé;1.0
explique;1.0
comnasacé;1.0
-ju;1.0
conformes;1.0
inexact;1.0
prétendre;1.0
bord;1.0
inférieur;1.0
vigueur;1.0
couru;1.0
vide;1.0
contiennent;1.0
inutile;2.0
su;1.0
limité;1.0
calibre;1.0
verra;1.0
insistez;1.0
répondrai;1.0
antérieure;1.0
brown;2.0
colstoun;2.0
recouru;1.0
laissés;1.0
usage;1.0
envoie;1.0
surveiller;1.0
activité;1.0
inspection;2.0
suffi;1.0
provoquer;1.0
profonde;1.0
vol;2.0
endroit;2.0
tenté;1.0
voler;1.0
trouver;1.0
permettra;1.0
étonner;1.0
secret;3.0
connaît;1.0
promènent;1.0
connaissent;1.0
emplacement;1.0
marqué;1.0
poste;1.0
inflammation;1.0
visible;1.0
projecteur;1.0
éclaire;1.0
avertit;1.0
pêcheur;2.0
jeter;2.0
filet;1.0
caché;1.0
savent;1.0
trouvent;1.0
demandait;1.0
collé-;1.0
gue;1.0
fixée;1.0
affirmer;1.0
autrefois;2.0
dissimulerai;2.0
inquiètent;1.0
incertitude;1.0
courageusement;1.0
retenue;1.0
jeudi;2.0
pétition;3.0
est-elle;1.0
voudra;1.0
composée;3.0
assentiment;3.0
berry;4.0
totale;1.0
boisson;1.0
hygiéniques;1.0
voit-elle;1.0
vingt-deux;3.0
guillemet;4.0
composait;1.0
consulte;2.0
fixation;2.0
entend-elle;1.0
prochaine;2.0
consultée;1.0
cofljuiission;1.0
c-n;1.0
tête;1.0
avril;1.0
ramel;4.0
les-garanties;1.0
individuel;1.0
salaire;1.0
rasly;1.0
defontaine;4.0
délégué;1.0
sécurité;1.0
mineur;1.0
conformément;4.0
pontbriand;4.0
supérieur;1.0
pays-bas;1.0
irc;1.0
associatiôn;1.0
camille;10.0
imprimé;1.0
distribués;1.0
proroger;1.0
prime;1.0
imprimée;2.0
distribuée;2.0
imprimées;1.0
distribuées;1.0
accorder;1.0
levée;1.0
trentecinq;1.0
minute;1.0
sténographique;1.0
alexandre;4.0
gaudet;1.0
argeliès;4.0
seine-et-oise;7.0
soumastre;1.0
domicilié;2.0
henri;14.0
côte-d;8.0
veuriot;1.0
erratum;1.0
de-la;1.0
lundi;1.0
page;2.0
colonne;2.0
fine;1.0
rétablir;1.0
alinéa;1.0
mun;4.0
loisir;1.0
avant-dernière;1.0
rabetl;1.0
arnout;1.0
aucouturier;3.0
augé;3.0
aulan;3.0
bacbimonl;1.0
basly;2.0
baudin;3.0
baudtm;1.0
olser;1.0
fauiard;1.0
bazille;3.0
bazillon;3.0
bénêzech;1.0
bernard;9.0
gironde;9.0
seine;21.0
abel;3.0
vaucluse;3.0
berthet;3.0
beroon;1.0
bizarelli;3.0
blanc;9.0
dromi;1.0
bompard;3.0
raoul;6.0
bonard;3.0
boutard;3.0
atide;1.0
boysset;4.0
brice;5.0
jajôs;1.0
ieurthihet-l;1.0
iosell;1.0
broglie;3.0
plillob;1.0
dei;2.0
brune;3.0
bri;1.0
net;1.0
llussière;1.0
calv-inhac;1.0
carnaud;3.0
cazals;3.0
caze;3.0
edmond;6.0
cère;3.0
chambrun;3.0
marquis-de;1.0
chandioux;3.0
bos;8.0
gras;4.0
charonnat;3.0
chassqing;1.0
gfremvière;1.0
chavet;3.0
chevillon;3.0
chiché;3.0
albert;9.0
chopinet;3.0
cluseret;4.0
colliird;1.0
cornet;3.0
lucien;3.0
dauzon;3.0
david;6.0
fernand;9.0
haute-savoie;3.0
debussy;3.0
jeante;1.0
delarue;3.0
delestrac;3.0
gustave;9.0
délier-;1.0
delon-soubeiran;3.0
denêcheau;2.0
denis;3.0
lande;3.0
déroulède;3.0
derrien;3.0
desfarges;3.0
devèze;3.0
doumergue;3.0
gaston;9.0
dubois;6.0
dubuisson;3.0
dufour;6.0
indre;6.0
dujardin-beaumetz;7.0
dupuytrem;3.0
duquesnay;3.0
chauvin;3.0
etienne;3.0
fenal;3.0
brun;3.0
ferrette;3.0
fouquet;3.0
gacon;3.0
gallot;3.0
yonne;3.0
galot;3.0
jules;29.0
loireinférieure;2.0
galpin;3.0
genet;3.0
gérard;3.0
baron;21.0
gervaize;3.0
meurthe-et-moselle;4.0
gillot;3.0
girou;3.0
goujat;4.0
goussot;3.0
gouzy;3.0
gueneau;3.0
hugon;3.0
clovis;3.0
humbert;3.0
jacquey;3.0
jouart;3.0
keroiiartz;1.0
marquis;23.0
krauss;3.0
lachaud;3.0
ferronnays;2.0
lafferre;3.0
lagasse;3.0
laroche-joubert;2.0
lasies;3.0
legitimus;3.0
legrand;6.0
manche;3.0
hérissé;3.0
lerolle;3.0
lesage;3.0
levraud;3.0
honoré;3.0
haute-garonne;5.0
loup;3.0
magne;3.0
magniaudé;3.0
massé;3.0
mathey;3.0
maurice-binder;2.0
maurice-faure;3.0
melliet;3.0
léo;3.0
mercier;3.0
merlou;3.0
michel;3.0
millerand;7.0
montaigu;3.0
montaut;3.0
seine-et-marne;3.0
morel;3.0
morlot;3.0
muteau;3.0
narbonne;3.0
pain;3.0
pajot;3.0
palix;3.0
pams;3.0
papelier;3.0
pastre;3.0
paul-faure;3.0
paulin-méry;3.0
pavie;3.0
pédebidou;3.0
périllier;3.0
péronneau;3.0
peschaud;3.0
pomereu;3.0
prax-paris;3.0
razimbaud;3.0
oise;5.0
richard;3.0
roche;6.0
ernest;3.0
rohan;3.0
duc;3.0
pyrénées-orientales;3.0
rouanet;3.0
rousse;3.0
ruau;3.0
rubillard;3.0
saba;3.0
saint-martin;5.0
salis;3.0
sarrien;3.0
sauvanet;3.0
théron;3.0
tourgnol;3.0
tramu;3.0
turigny;3.0
rsleur;1.0
vacher;3.0
léon;11.0
corrèze;3.0
yazeille;1.0
viné;1.0
villiers;3.0
vival;3.0
viviani;3.0
zévaès;3.0
adam;3.0
achille;8.0
agoult;3.0
aimond;3.0
alasseur;3.0
alicot;3.0
allombert;3.0
amodru;3.0
anthime-ménard;3.0
arenberg;3.0
prince;8.0
arène;3.0
emmanuel;3.0
astier;3.0
astima;3.0
colpnel;1.0
audiffred;2.0
aymé;3.0
chevrelière;3.0
aynard;3.0
bansard;3.0
bois;3.0
barrois;3.0
barthou;3.0
beauregard;6.0
berdoly;3.0
berger;3.0
bischoffsheim;3.0
bizot;3.0
hautes-pyrénées;2.0
haute-loire;3.0
bontemps;4.0
bordier;3.0
boucher;3.0
bouctot;3.0
boudenoot;3.0
bougère;6.0
ferdinand;3.0
laurent;3.0
rené;3.0
ille-et-vilaine;3.0
brindeau;3.0
caillaux;3.0
canet;3.0
carquet;3.0
cassou;3.0
castillard;3.0
cauvin;3.0
cazauvieilh;3.0
chabrié;3.0
adrien;6.0
cham-;1.0
bige;1.0
chapuis;3.0
guiliaumev;1.0
chautemps;3.0
christophle;6.0
orne;3.0
clament;3.0
clément;3.0
clédou;3.0
coache;3.0
cochin;6.0
codet;3.0
colle;3.0
constant;6.0
cornudet;5.0
vicomte;9.0
cosmao-dumenez;3.0
couyba;3.0
danstte;1.0
alban;3.0
debève;2.0
decraie;1.0
delaune;3.0
dribérédesgardes;1.0
deshayes;2.0
desjardins;3.0
disleau;3.0
drake;3.0
jacques;3.0
dubochet;3.0
victor;6.0
dreux;3.0
dulau;3.0
dutailly;3.0
duvau;3.0
eliez-evrard;3.0
ermant;3.0
escanyé;3.0
euzière;2.0
fiquet;2.0
fleury-ravarin;1.0
fould;3.0
achiue;1.0
fournol;3.0
gabiat;3.0
gabriel-denis;3.0
gafrier;1.0
gaillard;3.0
galley;3.0
galy-gasparrou;1.0
garnier;3.0
gauvin;3.0
gellé;3.0
gervais;3.0
giacobbi;3.0
giguet;3.0
théophile;3.0
gourd;3.0
grandmaison;3.0
guérin;3.0
guibert;3.0
guieysse;3.0
guillemin;3.0
guyard;3.0
haussmann;3.0
hémon;3.0
finistère;3.0
henrique-duluc;2.0
herbet;3.0
heuzey;3.0
holtz;3.0
aisne;3.0
isambard;3.0
isambert;3.0
jacob;3.0
jacquemin;3.0
jaouen;3.0
jonnart;3.0
jourdan;3.0
jaluzot;3.0
jumel;3.0
kelsch;3.0
kerjégu;3.0
lachièze;3.0
lanessan;3.0
laniel;3.0
lannes;3.0
montebello;3.0
laroze;3.0
laurençon;3.0
laville;3.0
lebaudy;3.0
lechevallier;3.0
leffet;2.0
léglise;3.0
leglos;3.0
moigne;3.0
myre;3.0
vilers;3.0
leroy;6.0
lespinay;2.0
troadec;2.0
levet;3.0
lévis-mirepoix;2.0
lhopiteau;3.0
limouzain-laplanche;3.0
loriot;3.0
loyer;3.0
mackau;3.0
mahy;3.0
malaspina;2.0
martin;3.0
bienvenu;3.0
manier;1.0
meyer;3.0
mézière;3.0
miossec;3.0
monfeuillard;3.0
monsservin;3.0
montalembert;3.0
montfort;3.0
morcrette-ledieu;3.0
morillot;3.0
motte;3.0
mougin;3.0
moustier;3.0
noël;3.0
olive;3.0
oriol;3.0
ouvré;3.0
pascal;3.0
passy;3.0
paulmier;3.0
saône-et-loire;2.0
larsan;3.0
perreau;3.0
perrier;3.0
antoine;3.0
philippe;3.0
piou;3.0
pochon;3.0
poincaré;3.0
pommeray;3.0
poullan;3.0
pourquery;3.0
boisserin;3.0
pourteyron;3.0
pozzo;3.0
borgo;3.0
quilbeuf;3.0
quintaa;3.0
rabier;3.0
ragot;3.0
raiberti;3.0
regnault;3.0
renault-morlière;3.0
ridouard;3.0
amiral;3.0
riotteau;2.0
riou;4.0
rispal;3.0
roch;3.0
ardèche;3.0
rogez;3.0
rose;3.0
rotours;3.0
rouland;2.0
rouvier;3.0
rozet;3.0
albin;3.0
saint;3.0
saint-quentin;3.0
salignac-fénelon;3.0
sarrazin;3.0
saumande;3.0
sibille;3.0
sommeillier;2.0
suchetet;3.0
surchamp;3.0
tailliandier;3.0
ternaux-compans;3.0
theulier;3.0
thierry;3.0
thierry-delanoue;3.0
thorel;3.0
tiphaine;3.0
trannoy;3.0
trouillot;2.0
vallé;3.0
gay;3.0
vidal;3.0
saint-urbain;3.0
viellard;3.0
weil-mallez;3.0
witt;3.0
conrad;3.0
tote;1.0
balsan;3.0
baudry;3.0
asson;3.0
bourgeois-du-jura;3.0
bourgeois;6.0
vendée;3.0
bovier-lapierre;3.0
castellane;3.0
boni;3.0
cavaignac;3.0
godefroy;3.0
charles-dupuy;3.0
chenavaz;2.0
cibiel;3.0
claudinon;3.0
denys;3.0
compayré;3.0
daudé;3.0
delombre;3.0
delpech-cantaloup;3.0
drumont;3.0
estourbeillon;3.0
faure;3.0
firmin;3.0
forest;3.0
gayraud;3.0
gerville-réache;3.0
gévelot;3.0
gonidec;3.0
traissan;3.0
guillain;3.0
hubert;3.0
isnard;3.0
krantz;3.0
bourdonnaye;3.0
langlais;3.0
jlargentaye;1.0
rioust;2.0
lebret;3.0
basses-pyrénées;3.0
lepez;2.0
leygues;3.0
marchai;3.0
massabuau;8.0
maussabré;3.0
méline;3.0
millevoye;3.0
morinaud;3.0
mougeot;3.0
muzet;3.0
breil;3.0
rivet;3.0
savary;3.0
schneider;3.0
eugène;3.0
stanislas-ferrand;1.0
yiger;1.0
wilson;3.0
retenus;3.0
berthelot;3.0
chevallier;3.0
demarçay;3.0
dumont;3.0
jura;3.0
lasserre;3.0
maurice;3.0
mesureur;3.0
sauzet;3.0
marc;3.0
soumise;3.0
enqute;2.0
bartissol;3.0
alsace;3.0
iiénin;1.0
bersez;3.0
léûn;1.0
marne;3.0
brisson;3.0
creuse;3.0
decker-david;2.0
delmas;3.0
dorian;3.0
dubief;3.0
dumas;3.0
farjon;3.0
girard;3.0
joxé;3.0
eure;3.0
mando;3.0
perrin;3.0
prud;4.0
hommehavette;1.0
reille;3.0
xavier;3.0
basses-alpes;3.0
sicard;3.0
simyan;3.0
solages;3.0
annoncés;3.0
vérification;3.0
rectifiés;3.0
ci-dessus;3.0
ailard;1.0
arnous;2.0
colonel;2.0
baudon;2.0
bénézech;2.0
antide;2.0
meurtheet-moselle;1.0
brunet;2.0
charles-gras;1.0
chassaing;2.0
colliard;2.0
délieux;1.0
figuet;1.0
kerouartz;1.0
ferronnavs;1.0
langue;1.0
menier;2.0
piiech;1.0
sommeulier;1.0
stanislas;1.0
ferrand;1.0
trouillôt;1.0
ursleur;2.0
vazeille;2.0
vigné;2.0
bnce;1.0
guil-;1.0
taume;1.0
conude;1.0
henryrl;1.0
chin;1.0
dansette;2.0
decrais;2.0
déribéré-desgardes;2.0
fleuryravarin;1.0
galygasparrou;2.0
goorges;1.0
harriague;2.0
lévismirepoix;1.0
maruêjouls;1.0
seineinférieure;3.0
gaffier;2.0
largentaye;2.0
luoust;1.0
iuotteallè;1.0
roulant;1.0
viger;2.0
totb;1.0
hénin;2.0
deckerdavid;1.0
homme-havette;3.0
rajou;1.0
cles;1.0
baslv;1.0
casielin;1.0
charlesgras;1.0
delieux;1.0
desliayes;1.0
loire-inférieure;1.0
henriqueduluc;1.0
keroüartz;1.0
leftet;1.0
hautegaronne;1.0
saôneet-loire;1.0
audifired;1.0
hautespyrénées;1.0
debêve;1.0
denôcheau;1.0
euzlère;1.0
fleuryrayarin;1.0
lespinav;1.0
mataspina;1.0
tchenavaz;1.0
larochejoubert;1.0
letroadec;1.0
mauricebinder;1.0
stanislasferrand;1.0
vcte;1.0
venquêter;1.0
cornudat;1.0
priorité;4.0
interpellation;4.0
abstenu;4.0
rentré;1.0
retenu;1.0
néronbancel;2.0
interpellations-de;1.0
laveur;1.0
indisposition;1.0
imp;1.0
quai;1.0
yojtaiit;1.0
