;1915-01-29
chambre;197.0
député;104.0
législature;6.0
session;9.0
orjinaiiv;1.0
compte;20.0
rendu;23.0
extenso;9.0
séance;60.0
vendredi;1.0
janvier;32.0
sommaihe;1.0
procès-verbal;21.0
excuse;4.0
suite;19.0
discussion;41.0
projet;85.0
autorisant;6.0
gouvernement;66.0
rapporter;8.0
décret;43.0
naturalisation;38.0
puissance;11.0
devenues;3.0
ennemi;7.0
ade;2.0
proposition;78.0
loi;116.0
emile;5.0
constant;3.0
gironde;3.0
objet;14.0
régulariser;2.0
ftuation;1.0
allemand;18.0
austro-hongrois;1.0
jures;1.0
naturalisé;28.0
frànçais;1.0
jan-;1.0
jer;1.0
georges;7.0
berry;2.0
relative;6.0
allej;1.0
ndj;1.0
autrichien;2.0
hongrois;2.0
jules;7.0
delahaye;5.0
mainept-loire;1.0
accordé;10.0
an;4.0
urgence;10.0
déclarée;3.0
maurice;6.0
bernard;3.0
doujs;1.0
rapporteur;63.0
art;136.0
nouvelle;12.0
rédaction;8.0
commis;8.0
ion;3.0
deroard;1.0
amendement;55.0
joseph;16.0
denais;18.0
fernand;8.0
engerand;13.0
bonneous;1.0
engcrand;2.0
aristide;9.0
briand;4.0
garde;35.0
sceau;35.0
ministre;51.0
justice;14.0
bonnefojs;1.0
adoption;26.0
poirier;14.0
narçay;14.0
galli;2.0
minhre;1.0
retrait;19.0
françois;8.0
fournier;7.0
ijhnistre;1.0
jean;3.0
gruppi;1.0
président;188.0
commission;209.0
réforme;5.0
judiciaire;2.0
paragraphe;38.0
paul;9.0
escu;1.0
lier;1.0
escudier;9.0
dernier;12.0
article;155.0
ensemble;14.0
aft;1.0
delahave;1.0
oenais;1.0
modification;7.0
litre;1.0
dpc;1.0
originaires;5.0
ssances;1.0
guerre;53.0
aveu;1.0
france;35.0
liî;1.0
iscussi;1.0
résor;1.0
tendant;14.0
modifier;7.0
règlement;25.0
ambr;1.0
députos;1.0
louis;5.0
marin;6.0
apporteur;1.0
déclaration;6.0
supposition;1.0
additionnelle;5.0
camille;6.0
mar-;1.0
collègue;23.0
blaisot;5.0
iulesl;1.0
uls;1.0
breton;2.0
ment;9.0
disjonction;5.0
renvoi;22.0
comadoption;1.0
rnendernent;1.0
prosper;5.0
josse;6.0
porteur;3.0
raiî;1.0
lde;1.0
réservé;15.0
doptlon;1.0
iclo;1.0
rnent;1.0
itstourbeillon;1.0
estourbeillon;6.0
lacom;1.0
rc-servé;1.0
lenoir;8.0
ernest;3.0
lafont;2.0
modifié;11.0
observation;11.0
jobert;9.0
disposition;23.0
viollette;3.0
réservés;5.0
vote;46.0
vsur;1.0
jeudi;10.0
février;2.0
mction;1.0
ordre;68.0
jour;64.0
dépôt;19.0
pierre;5.0
masse;2.0
avis;34.0
présenté;7.0
nom;21.0
boisson;5.0
relatif;5.0
réglementation;4.0
ouverture;7.0
débit;3.0
lli;1.0
pension;7.0
retraite;3.0
officier;7.0
placé;4.0
cadre;2.0
réserve;5.0
civil;12.0
militaire;24.0
présidence;14.0
deschanel;1.0
ouverte;2.0
demie;1.0
ribeyre;1.0
secrétaire;16.0
donne;13.0
lecture;9.0
hier;9.0
adopté;143.0
paul-meunier;2.0
pouvoir;19.0
assister;2.0
appelle;2.0
objt;1.0
situation;9.0
austrohongrois;1.0
turc;1.0
français;64.0
berrv;1.0
maine-et-loire;2.0
proposée;4.0
portant;8.0
natura-;1.0
lisation;1.0
préjudice;8.0
pénales;8.0
applicables;6.0
rapporté;10.0
conseil;14.0
etat;13.0
recours;20.0
contentieux;15.0
juridiction;8.0
égard;10.0
conservé;4.0
recouvré;4.0
nationalité;22.0
origine;25.0
acquis;4.0
service;30.0
pays;30.0
poité;1.0
arme;15.0
cas;55.0
abandonné;4.0
soustraire;4.0
obligation;13.0
vue;11.0
occasion;5.0
prêté;6.0
aide;10.0
rapportant;4.0
fixe;5.0
point;18.0
départ;3.0
faire;36.0
remonter;3.0
report;3.0
pourra;18.0
préjudicier;3.0
droit;62.0
tiers;4.0
bonne;5.0
désire;1.0
présenter;2.0
courte;1.0
temps;15.0
lté;1.0
mis;27.0
correction;1.0
épreuve;7.0
aperce;1.0
voir;3.0
conséquent;3.0
manquait;1.0
avion;3.0
ajoutée;4.0
paru;3.0
nécessaire;18.0
rappeler;2.0
mesure;28.0
allions;2.0
prendre;11.0
donner;17.0
supplément;1.0
application;6.0
ferait;2.0
entendu;10.0
grave;9.0
satisfaction;12.0
oui;3.0
avez;11.0
part;10.0
avons;17.0
ajouté;1.0
texte;38.0
trance;1.0
pensée;12.0
adoptant;1.0
adjonction;3.0
voulu;5.0
fut;1.0
hostilité;7.0
date;7.0
fixé;8.0
délai;30.0
ralliais;1.0
trouvant;2.0
notamment;1.0
préférable;2.0
contre-projet;3.0
présentés;6.0
remplacer;3.0
alinéa;2.0
bonnefous;6.0
Monsieur;23.0
justifier;2.0
identique;1.0
animé;1.0
bonne-;1.0
ious;1.0
but;8.0
substituer;3.0
impropre;1.0
terme;11.0
traduit;2.0
exactement;1.0
commune;3.0
idée;4.0
directrice;1.0
frapper;1.0
déchéance;5.0
homme;8.0
acceptés;1.0
générosité;1.0
grand;11.0
famille;15.0
traître;1.0
patrie;3.0
confiance;2.0
limité;1.0
strictement;2.0
félicite;1.0
condition;13.0
toutefois;5.0
limitation;1.0
ait;3.0
proposé;3.0
caractère;7.0
impératif;3.0
pénale;1.0
insuffisant;1.0
emploi;2.0
expression;3.0
inadmissible;1.0
puisqu;4.0
air;1.0
répression;1.0
demandée;4.0
facultatif;3.0
somme;6.0
convaincus;1.0
entend;5.0
servir;3.0
sollicité;1.0
convaincu;1.0
considère;1.0
visé;6.0
trouvera;2.0
morale;4.0
impérieuse;1.0
provoquer;2.0
prévu;5.0
douteux;3.0
est-ce;2.0
erreur;7.0
législative;2.0
matière;5.0
répressive;1.0
faute;2.0
apparence;1.0
vouloir;1.0
garder;3.0
faculté;14.0
arbitraire;2.0
imprudence;1.0
exposer;2.0
successeur;1.0
éventuel;1.0
sollicitation;1.0
consent;1.0
exception;3.0
suspicion;2.0
objectera-t-on;1.0
intéressé;4.0
rappelle;4.0
former;5.0
redresser;1.0
prononcer;2.0
code;10.0
dit;11.0
perd;6.0
qualité;15.0
autorisation;2.0
gouvernem;1.0
ent;3.0
prend;3.0
étranger;8.0
lieu;34.0
tribunal;3.0
procéder;5.0
constatation;2.0
existet-ïl;1.0
formule;1.0
potestative;1.0
employé;3.0
donneriez-vous;1.0
prenant;2.0
initiative;10.0
susceptible;3.0
appréciation;2.0
large;3.0
donné;18.0
similaire;1.0
jugeant;1.0
ressort;1.0
traduisant;1.0
sentiment;4.0
justement;1.0
écrit;11.0
impose;1.0
prêt;2.0
sacrifice;1.0
soustrait;1.0
fuite;1.0
devoir;6.0
stricts;1.0
retourne;1.0
prouve;1.0
acte;6.0
adhésion;1.0
sollicitant;1.0
mensonge;1.0
correspond;1.0
véritables;1.0
attitude;1.0
renie;1.0
fera;3.0
constater;2.0
consacrer;3.0
discordance;1.0
voyez;2.0
justifie;2.0
sert;1.0
honneur;3.0
déposer;4.0
ajoute;3.0
mettent;1.0
accord;15.0
rallie;1.0
volontiers;1.0
préféré;2.0
veux;4.0
ajouter;3.0
présentées;2.0
ami;2.0
propose;8.0
porté;14.0
-une;1.0
remarquer;5.0
concerne;6.0
besoin;3.0
sens;1.0
perdre;4.0
pénal;4.0
donnant;2.0
moyen;4.0
autrement;2.0
radical;1.0
vie;6.0
explique;2.0
dispose;2.0
puni;1.0
mort;2.0
drelon;1.0
vice-président;6.0
succession;2.0
régie;2.0
durera;1.0
procès;2.0
instituer;3.0
arriver;1.0
indiquez;1.0
définitif;6.0
conviens;1.0
établissement;3.0
commercial;2.0
industriel;2.0
possède;1.0
naturaliseresterj;1.0
ouvert;2.0
déjà;7.0
dessein;1.0
précisément;1.0
empêcher;2.0
maison;1.0
indignes;1.0
continuent;1.0
fonctionner;1.0
prospérer;1.0
protection;1.0
échappé;1.0
priver;1.0
existence;1.0
faut;5.0
aboutir;1.0
résultat;4.0
longue;4.0
durée;3.0
rès;2.0
actuellement;4.0
tombent;1.0
coup;2.0
relèvent;1.0
attendre;6.0
actuelle;2.0
auraient;3.0
condamné;2.0
contumace;1.0
séquestre;2.0
restent;3.0
appartenu;1.0
traité;7.0
complètement;2.0
prise;10.0
disais;1.0
répressifs;1.0
suffisant;1.0
imposants;1.0
voulez;2.0
complément;1.0
crois;10.0
adopter;2.0
donnera;2.0
lep;1.0
vraiment;1.0
honorables;3.0
rendre;2.0
obligatoire;1.0
paraissait;3.0
laisser;1.0
savoir;7.0
signe;2.0
assentiment;4.0
accepte;6.0
précision;4.0
oblia;1.0
toire;1.0
demandais;1.0
présentée;4.0
vaut;2.0
mieux;6.0
mork;1.0
statue;5.0
présent;11.0
disant;2.0
préfère;1.0
incline;1.0
fond;7.0
dïmpotf;1.0
auteur;13.0
considéré;1.0
lorsqu;13.0
énumérés;1.0
démontré;1.0
constaté;2.0
nerî;1.0
luil;1.0
agir;8.0
fait-il;1.0
og-;1.0
position;5.0
consacre;2.0
in-;1.0
terprétation;1.0
ine;1.0
paraît;5.0
servis;1.0
amende;1.0
ments;2.0
cruppi;2.0
sion;5.0
gou-;1.0
ffeftiement;1.0
mets;25.0
voix;56.0
anîoxidement;1.0
accepté;3.0
supprimer;3.0
fin;8.0
simple;11.0
explication;6.0
voudrais;10.0
obtenir;3.0
déposé;8.0
gou;2.0
vernement;1.0
question;63.0
addition;6.0
sau;1.0
jurl;1.0
diction;1.0
inséré;3.0
pro;3.0
bable;1.0
raison;11.0
estime;4.0
inutile;3.0
insérer;1.0
solennelle;1.0
expressément;5.0
doute;4.0
opinion;4.0
abstenu;1.0
judicieusement;1.0
mention;5.0
différence;5.0
rait;2.0
commentaire;1.0
cheux;1.0
utile;4.0
circonstance;10.0
moment;9.0
prévenir;1.0
évitefxi;1.0
faço;1.0
population;1.0
esi;1.0
alarrn;1.0
voyant;1.0
maintenir;4.0
permis;1.0
séjour;1.0
conserve;1.0
certaijl;1.0
urtout;1.0
motif;9.0
rap;1.0
exposé;4.0
cco;1.0
inquiètent;1.0
intervention;3.0
préluninaires;1.0
absence;3.0
eût;3.0
conforme;2.0
commun;4.0
admettre;1.0
profit;1.0
individu;9.0
lésé;1.0
intérêt;7.0
décision;17.0
gouvernementale;1.0
dépend;1.0
plaisir;2.0
constitue;1.0
véritable;1.0
administratif;7.0
soumis;8.0
existe;1.0
ailleurs;5.0
suspend;2.0
exécution;2.0
otre;1.0
désir;3.0
traduire;4.0
sorte;3.0
solennellement;1.0
souci;1.0
garantie;3.0
désirables;1.0
fût;3.0
mentionné;1.0
crains;2.0
public;21.0
connaît;2.0
subtilité;1.0
juridiques;2.0
jjne;1.0
faveur;3.0
naturalises;1.0
exemple;7.0
vient;6.0
déclarer;7.0
huil;1.0
rne;1.0
substance;1.0
conçu;3.0
gans;1.0
pénalité;2.0
encourues;2.0
évident;3.0
iwî;1.0
passibles;1.0
revenu;1.0
ttime;1.0
belligérant;1.0
ordinaire;8.0
capturés;1.0
reviennent;1.0
prends;1.0
dissiper;1.0
possibilité;3.0
équivoque;2.0
fàx;1.0
use;1.0
comprendre;1.0
jurisjjj;1.0
udence;1.0
répète;3.0
souligner;1.0
exte;1.0
autant;5.0
pplus;1.0
gravé;1.0
loin;3.0
suivi;1.0
naturalif;1.0
principe;11.0
concordance;2.0
sormes;1.0
conduit;2.0
accorder;8.0
vernerrient;1.0
iouvoir;1.0
discrétionnaire;1.0
fine;2.0
tarder;1.0
connté;1.0
enquete;1.0
police;3.0
matis;1.0
pouvait;3.0
venir;2.0
nner;1.0
pareil;4.0
pouc;1.0
grandeur;1.0
dei;1.0
rester;2.0
circonstan;1.0
fût-ce;1.0
nationale;2.0
fidèle;1.0
liberté;2.0
ilu;1.0
arbitrairement;1.0
retiré;4.0
audes;1.0
passion;1.0
dénonciation;1.0
aranties;1.0
forme;14.0
accordees;1.0
phrase;1.0
effraient;1.0
croie;1.0
tave;1.0
possible;16.0
moindre;1.0
îaven;1.0
disposiil;1.0
spéciale;7.0
iiii;1.0
persiste;2.0
penser;1.0
solcnnellement;1.0
nionrdonnellement;1.0
contrairement;1.0
opiilloil;1.0
gouv;1.0
ner;1.0
gouver;1.0
enierit-;1.0
angleterre;2.0
lisez;1.0
anglaise;1.0
août;5.0
est-à-dire;4.0
cîuq;1.0
urs;2.0
onr;1.0
vain;1.0
admirable;1.0
ants;1.0
allié;2.0
craint;1.0
sache;1.0
anglais-soit;1.0
libre;2.0
soucieux;1.0
individuel;4.0
parle;4.0
scrupule;3.0
enregistre;1.0
octroi;1.0
certificat;4.0
laissé;2.0
absolue;4.0
discrétion;1.0
refuser;1.0
paraîtra;1.0
avantageux;1.0
appel;9.0
porte;7.0
preuve;1.0
obtenu;1.0
faux;2.0
affirmation;1.0
fraude;1.0
ordonnance;2.0
révoquer;1.0
ladite;1.0
partir;2.0
indiquera;1.0
espionnage;1.0
abus;1.0
plaignons;1.0
enea;1.0
ferme;1.0
net;1.0
restriction;4.0
rétroactivité;1.0
insiste;2.0
davantage;3.0
sollicite;1.0
dise;1.0
nettement;2.0
implique;1.0
nullement;2.0
touche;2.0
pensé;3.0
répondre;4.0
anime;1.0
réduisant;1.0
strictes;1.0
limite;3.0
tribune;11.0
appliqué;2.0
étudier;1.0
portée;3.0
jamais;1.0
affirmer;1.0
trouverait;1.0
prévus;2.0
aurait;9.0
simplement;6.0
appliquer;3.0
dénaturalisation;9.0
estune;1.0
stricte;1.0
moral;1.0
dénaturaliser;2.0
disait;1.0
déterminer;2.0
saisir;2.0
probablement;1.0
mise;9.0
abri;2.0
partie;6.0
soumises;3.0
nullité;1.0
contrat;1.0
actuelles;2.0
conséquence;5.0
rattachent;2.0
main-mise;1.0
puissent;3.0
applaudissement;4.0
entière;2.0
amen-;1.0
dement;2.0
consiste;1.0
semblait;1.0
honorable;4.0
méprît;1.0
eue;1.0
écrivant;1.0
rapport;59.0
yeux;3.0
législation;5.0
criminelle;2.0
courtoises;1.0
serrée;1.0
étrange;1.0
peut-être;5.0
taire;2.0
aurions;1.0
moment-ci;1.0
sentimentalité;1.0
excès;1.0
action;2.0
demandons;4.0
mettre;4.0
nuire;2.0
notre-pays;1.0
était-ce;1.0
exprimer;2.0
unanimité;1.0
pourne;1.0
exceptionnel;3.0
prenions;1.0
devions;1.0
sacré;2.0
glisser;1.0
gouvernementales;1.0
nuise;1.0
répercussion;1.0
faisais;1.0
allusion;1.0
fallait;3.0
hypotlièse;1.0
rendront;1.0
soulevé;2.0
objection;1.0
inscrire;4.0
montrer;1.0
restait;1.0
unie;1.0
respect;1.0
insisté;1.0
augmenté;1.0
reconnais;1.0
alourdi;1.0
cru;2.0
rompre;1.0
aucunement;1.0
unité;1.0
ligne;3.0
pris;5.0
engage;1.0
conviait;1.0
suivre;5.0
décidé;4.0
exceptionnelle;1.0
serait;16.0
collective;2.0
aveugle;3.0
avance;2.0
posés;1.0
essentiel;1.0
établir;4.0
également;4.0
retirée;1.0
permettra;1.0
jouer;2.0
influence;2.0
hypothèse;9.0
agit;6.0
quelqu;1.0
demande;83.0
otlièse;1.0
dén;1.0
sation;2.0
fétirer-un;1.0
droifà;1.0
quëlq;1.0
uja;1.0
semblable;2.0
admis;2.0
insertipn;1.0
exigence;1.0
ryention;1.0
énaturalisation;1.0
nombre;11.0
frappantes;1.0
cumul;1.0
indignité;1.0
révélée;1.0
présente;6.0
abuser;1.0
indulgence;1.0
présence;11.0
résumé;2.0
esprit;1.0
appelé;10.0
statuer;3.0
travaillé;1.0
vite;2.0
exposait;1.0
remanier;2.0
uvre;3.0
demain;1.0
trouverons;1.0
aurons;1.0
victoire;1.0
faudra;3.0
travail;6.0
demandera;1.0
étude;1.0
minutieux;1.0
pareille;1.0
éviter;3.0
conflit;2.0
instant;4.0
immédiatement;6.0
démesure;1.0
venl;1.0
devantha;1.0
avorîs;1.0
jugé;2.0
hésiter;1.0
discuter;2.0
consacré;1.0
soin;6.0
attention;1.0
faitfpreuve;1.0
diligence;2.0
avçjist;1.0
estimé;1.0
voter;4.0
yàffîl;1.0
banc;1.0
poirieiwde;1.0
narçây;1.0
insigter;1.0
me-permettra;1.0
demander;11.0
gêne;1.0
tenais;1.0
émouvoir;1.0
publique;14.0
sanction;1.0
crée;1.0
existant;1.0
suspensif;3.0
entravée;1.0
françois-fournier;9.0
permets;1.0
conclusion;4.0
paix;1.0
rentré;2.0
perdu;1.0
bénéfice;4.0
sera-t-il;1.0
poursuite;2.0
judiciàirè;1.0
rappp;1.0
vois;1.0
laiportée;1.0
inobservation;1.0
fçturnier;1.0
fautf;1.0
évitêr;1.0
malentendu;1.0
pojpt;1.0
qne;1.0
présentons;1.0
tend;1.0
disparaître;2.0
disposi-;1.0
tions;1.0
délit;4.0
crime;2.0
passible;1.0
proposons;1.0
permettront;1.0
enlever;1.0
rapidement;2.0
perte;1.0
soustraira;1.0
rentrait;1.0
redevenu;2.0
subsisterait;1.0
pourrait;4.0
arrêté;6.0
dil;1.0
réponse;12.0
précise;1.0
passons;6.0
proposent;1.0
rédiger;3.0
reçu;7.0
aragrap;1.0
suit;9.0
enais;1.0
sje;1.0
retire;3.0
jaqie;1.0
monsieurle;1.0
-amendement;1.0
dernande;1.0
intercaler;2.0
conçue;2.0
proféré;1.0
répandu;1.0
armée;5.0
injure;3.0
calomnie;1.0
roles;1.0
dûment;1.0
constatées;1.0
alexandre;1.0
varenne;1.0
observer;4.0
directe;3.0
indirecte;3.0
englober;1.0
genre;1.0
invoque;1.0
atre;1.0
révélé;1.0
allemande;11.0
concours;1.0
faciliter;2.0
envoie;2.0
marchandise;2.0
placement;1.0
qus;1.0
conque;1.0
titre;7.0
nature;1.0
crédit;7.0
comms;1.0
propagation;1.0
destr;1.0
nées;1.0
semer;1.0
panique;1.0
livrée;1.0
man;2.0
uvres;1.0
manifeste;1.0
exercer;4.0
pernicieuse;1.0
cour;13.0
tenue;4.0
jointe;2.0
atis-;1.0
faction;1.0
ajoutais;1.0
préciser;1.0
parais;1.0
saient;1.0
rappel;7.0
teur;2.0
souligne;1.0
préoccupation;1.0
guidé;1.0
dis;2.0
apporté;4.0
néces;1.0
saire;1.0
tiré;3.0
ragraphes;1.0
san;1.0
délà;1.0
de-;2.0
claration;1.0
dafl;1.0
droi;1.0
semble;2.0
vants;1.0
auf;1.0
out;1.0
déclamation;1.0
ues;1.0
personnel;11.0
delui;1.0
prononcé;2.0
vertu;6.0
précédent;5.0
étendre;3.0
femme;34.0
enfant;24.0
ordonné;5.0
apprendrai;1.0
tre;1.0
natioplité;1.0
mari;13.0
trouve;4.0
égalent;1.0
delbriick;3.0
marie;1.0
illarlc;1.0
rend;3.0
ipso;1.0
facto;1.0
devenue;5.0
considération;4.0
seul;5.0
amour;1.0
uela;1.0
suspect;3.0
guère;1.0
act;1.0
llelle;1.0
considérée;2.0
nune;1.0
lit;1.0
cltle;1.0
prévoit;2.0
exempl;1.0
marié;4.0
égalejupnt;1.0
tlue;1.0
votons;1.0
applique;1.0
faudrait;3.0
dénatn;1.0
turaliser;1.0
reste;6.0
ançaise;1.0
perdra;1.0
quaf;1.0
emme;1.0
vaudrait;2.0
naturalis;1.0
exnvst;1.0
pucation;1.0
lper;1.0
crainte;1.0
justifiées;1.0
dpoi;1.0
tir;1.0
croyais;1.0
virement;1.0
expliqué;1.0
intenlions;1.0
proposant;1.0
réduction;1.0
-ci;1.0
adnioltre;1.0
ous;1.0
demandait;1.0
liait;1.0
naluralisalioii;1.0
juc;1.0
iivij;1.0
iui;1.0
itu-i;1.0
svx;1.0
idrait;1.0
feinure;1.0
supérieur;1.0
peine;3.0
supplémentaire;4.0
produit;4.0
étendue;1.0
membre;53.0
importance;3.0
échappera;1.0
certainement;2.0
pouvons;1.0
trouver;1.0
vit;1.0
naturaliser;2.0
jeune;2.0
fille;1.0
éprend;1.0
épouse;1.0
collectif;2.0
rejailli;1.0
épousé;1.0
aller;2.0
invoquées;1.0
produirait;1.0
soumettre;1.0
produira;1.0
extension;5.0
laissée;1.0
vise;2.0
soupçon;3.0
pesé;1.0
père;12.0
corps;4.0
transformé;1.0
certitude;1.0
engagé;3.0
antérieurement;1.0
mariage;2.0
prévoyez;1.0
lors;4.0
aurait-il;1.0
apporter;1.0
solution;1.0
semble-t-il;1.0
traitée;1.0
mode;4.0
illégitime;1.0
conserver;2.0
devon;1.0
nationaux;1.0
sang;1.0
traitement;2.0
conservera;1.0
mettez;1.0
pied;1.0
automatiquement;2.0
oublier;1.0
système;3.0
sévir;1.0
aco;1.0
atteindre-;1.0
appliquait;1.0
seconde;3.0
éventualité;1.0
indiquée;4.0
soumettons;1.0
précaution;1.0
châtiment;1.0
frappe;1.0
indifféremment;1.0
coupable;3.0
innocent;1.0
res;2.0
bienl;1.0
acceptons;1.0
législatif;6.0
établit;1.0
mérité;1.0
retirera;1.0
résulte;2.0
suspectés;1.0
connivence;1.0
souverainement;1.0
injuste;1.0
atteindre;1.0
parlé;3.0
déroge;1.0
yen;1.0
reconnaître;2.0
anormal;1.0
étonnez;1.0
proposions;1.0
dérogent;1.0
tenions;1.0
détermine;2.0
exact;2.0
fourllier;1.0
perdît;1.0
arbitre;1.0
décider;12.0
bénéficier;3.0
prérogative;1.0
permettez-moi;1.0
dites;1.0
forcément;1.0
commettez;1.0
fondamentale;1.0
prouver;1.0
suppose;1.0
postérieurement;1.0
entraînent;2.0
acquisition;1.0
réclamé;1.0
puis;1.0
inexactitude;1.0
thèse;2.0
soutenez;1.0
suivrait;1.0
absolu;1.0
exacte;1.0
espère;1.0
voudrez;1.0
développement;1.0
regrette;1.0
interruption;2.0
eil;2.0
ou-;1.0
devenu;1.0
deuxlois;1.0
concordantes;1.0
maintien;1.0
dépose;4.0
supprimez;1.0
logique;1.0
laisse;2.0
côté;2.0
occupe;1.0
poser;3.0
tenu;4.0
personnelles;1.0
mineur;2.0
quelqtètin;1.0
intervienne;1.0
aurez;1.0
déchu;1.0
laissez;1.0
retirant;1.0
pourront-ils;1.0
garçle;1.0
exerceront;1.0
pourront;2.0
attendant;1.0
majeur;3.0
représentant;3.0
légal;5.0
êtes;1.0
obligé;3.0
prononcez;1.0
non-français;1.0
retranché;1.0
communauté;1.0
formé;2.0
rejeté;1.0
laissez-vous;1.0
inconvénient;2.0
envisagez;1.0
improbable;1.0
instruction;4.0
emportera;1.0
qua;1.0
prendra;1.0
apparaît;2.0
enquête;2.0
participent;1.0
étendra;1.0
visait;1.0
réponds;1.0
lapensée;1.0
ètréiftendu;1.0
effèt;1.0
prévoir;1.0
dénaturalisé;1.0
chef;3.0
fa-;1.0
enfui;1.0
allemagne;1.0
dénaturalisés;1.0
demeurent;1.0
place;6.0
intelligence;1.0
planer;1.0
existera;1.0
exercera;1.0
normalement;1.0
regard;1.0
principal;2.0
décliner;1.0
insertion;5.0
bulletin;3.0
mineure;1.0
commencera;1.0
courir;1.0
dater;1.0
majorité;6.0
reconnue;1.0
prévues;4.0
renoncer;1.0
tiennent;2.0
déclarati;1.0
antérieure;1.0
administration;3.0
déterminera;1.0
plication;1.0
applicable;2.0
algérie;2.0
colonie;6.0
guadeloupe;1.0
martinique;1.0
réunion;4.0
fixeront;1.0
rendue;1.0
dois;1.0
connaître;5.0
originaire;1.0
opposition;8.0
demeure;4.0
rédigé;3.0
résolution;13.0
députes;1.0
délibération;25.0
générale;11.0
consulte;4.0
passer;6.0
consultée;3.0
décide;6.0
passe;1.0
abrogé;1.0
remplacé;1.0
chapitre;22.0
ieb;1.0
vérification;5.0
démission;3.0
lé-;1.0
gislature;1.0
installation;2.0
bureau;44.0
âge;4.0
compositufyi;1.0
cède;1.0
sort;6.0
division;3.0
procèdent;2.0
examen;18.0
élection;14.0
répartis;1.0
pafj;1.0
alphabétique;1.0
département;2.0
etvj;1.0
proportionnellement;1.0
total;1.0
exa-j;1.0
minés;1.0
mem-;1.0
bres;1.0
formées;1.0
chargé;7.0
biaisot;1.0
porteu;1.0
castelnau;1.0
ilenry;1.0
fougère;6.0
nest;1.0
flandin;1.0
gouyon;2.0
corrèze;1.0
kernier;1.0
gourd;1.0
estourbeillojj;1.0
dansette;1.0
lacave-la;1.0
plagne;1.0
laf-j;1.0
groussau;1.0
marcel;1.0
rauline;1.0
morbihan;1.0
augé;1.0
monplanet;1.0
guichenné;1.0
crolara;1.0
lamy;1.0
rochereau;1.0
dion;2.0
henri;5.0
lanielet;1.0
pro-i;1.0
outer;1.0
disposiposent;1.0
disposl;1.0
tion;4.0
protestation;5.0
déposée;6.0
tard;1.0
dossier;4.0
protestataire;3.0
suivront;2.0
colonial;2.0
partielle;2.0
scrutin;29.0
notification;2.0
faite;13.0
lendemain;2.0
lettre;1.0
recommandée;1.0
eorri;1.0
mission;4.0
îla;1.0
rôle;4.0
examiné;1.0
possiblem;1.0
jules-louis-breton;1.0
lundi;1.0
prochain;1.0
réunira;1.0
examiner;7.0
semble-t-;1.0
promptement;1.0
raît;1.0
impartir;1.0
con;1.0
testent;1.0
détt;1.0
devront;1.0
testation;1.0
ensuite;1.0
trouvions;1.0
maintes;1.0
clr;1.0
constance;1.0
retardé;1.0
maines;1.0
quelquefois;1.0
attend;1.0
chose;2.0
favorise;1.0
mauvais;1.0
fol;1.0
résolue;1.0
additif;1.0
nelle;1.0
disjointe;1.0
renvoyée;3.0
eow;1.0
ier;1.0
prononce;4.0
siir;1.0
validité;3.0
clame;1.0
voirs;1.0
déclarés;1.0
validés;3.0
doi;1.0
inscrit;7.0
publiés;2.0
dtl;1.0
ambre;1.0
ticle;1.0
are;1.0
tont;1.0
prendro;1.0
suspendu;1.0
admission;1.0
journée;1.0
votent;1.0
euradmission;1.0
aseiriblée;1.0
ucune;1.0
vérifiés;2.0
démettre;1.0
nctlons;1.0
donnée;6.0
tnt;1.0
drof;1.0
sit;1.0
jese;1.0
adressées;4.0
prédi;1.0
rnt;1.0
imméii;1.0
ernent;1.0
copie;1.0
intéil;1.0
moié;1.0
procédé;11.0
duh;1.0
ureau;1.0
butcau;1.0
séan;1.0
àeé;1.0
exerce;1.0
fonc;1.0
olls;1.0
assiste;1.0
eulles;1.0
remplis;1.0
eut;1.0
fonction;5.0
téin;1.0
présitfem;1.0
ure;2.0
plur;1.0
rifiés;1.0
immédiate;2.0
abs;1.0
olue;1.0
nomination;9.0
défihitif;1.0
composé;1.0
vjcpdents;1.0
questeur;8.0
ofs;1.0
liste;14.0
séparément;2.0
chaco;1.0
chap;1.0
hafwï;1.0
tour;7.0
balottage;1.0
suffit;1.0
égalité;1.0
suffrage;2.0
âgé;2.0
ilorniné;1.0
scrutateur;3.0
dépouillent;1.0
illtiri;1.0
doyen;1.0
proclame;2.0
llitif;1.0
défiilitif;1.0
commencement;3.0
sesgiot;1.0
drture;1.0
opté;2.0
sénat;15.0
l-t;1.0
république;5.0
adoptj;1.0
constituée;1.0
iii;1.0
ide;1.0
permanente;15.0
lue;2.0
fsm;1.0
ût-;1.0
llelégislat-ure;1.0
divise;1.0
constitution;2.0
prennent;2.0
dénomination;2.0
départementale;1.0
communale;1.0
affaire;4.0
extérieures;3.0
protectorat;4.0
agriculture;5.0
assurance;2.0
prévoyance;2.0
sociale;2.0
budget;21.0
commerce;4.0
industrie;2.0
économie;1.0
douane;1.0
enseignement;1.0
beaux-arts;1.0
hygiène;1.0
fiscale;1.0
marine;6.0
marchand;1.0
poste;4.0
télégraphe;2.0
travaux;12.0
chemin;3.0
fer;3.0
communication;5.0
diviser;3.0
changement;3.0
examinerons;1.0
accepte-t-il;1.0
aurais;1.0
vînt;1.0
serai;2.0
absent;1.0
prier;1.0
établies;2.0
acceptiez;1.0
entendrons;3.0
parti;1.0
pourrai;1.0
charger;1.0
reprendre;1.0
préférerais;1.0
demandé;8.0
renvoyé;8.0
nommées;2.0
assemblée;9.0
composée;1.0
chacune;3.0
quarante-quatre;1.0
fixée;2.0
buream;1.0
groupe;14.0
remettront;2.0
publiée;1.0
électorale;1.0
figurer;2.0
concertés;1.0
candidat;2.0
établie;1.0
conformément;10.0
règle;11.0
proportionnalité;1.0
insérée;3.0
ratification;3.0
opposé;1.0
écrite;27.0
remise;33.0
procédera;1.0
pourvu;1.0
procédure;5.0
vacance;1.0
viendraient;1.0
produire;4.0
nomment;2.0
déterminées;2.0
saisie;16.0
rentrant;1.0
compétence;5.0
désignent;1.0
provisoire;2.0
préparer;1.0
publiées;2.0
journal;6.0
officiel;5.0
méthode;1.0
précisée;1.0
bureauxf;1.0
ci-après;1.0
commissaire;2.0
procède;1.0
opération;2.0
aussitôt;2.0
affichée;1.0
couloir;1.0
cun;1.0
présidé;2.0
jeûner;1.0
remplir;1.0
secret;4.0
réunir;2.0
anciensi;1.0
compléter;1.0
xistante;1.0
élu;2.0
postérieurements;1.0
formation;2.0
partiej;1.0
appartenaient;1.0
prédécesseur;2.0
disparu;1.0
tirage;1.0
bu-;1.0
reaux;1.0
comptaient;1.0
con-;1.0
dut;1.0
mentionne;2.0
constitués;1.0
terminée;1.0
nomme;1.0
composer;1.0
nominal;2.0
formulée;3.0
provenant;3.0
parlementaire;1.0
déposés;4.0
imprimé;9.0
deemotifs;1.0
distribués;3.0
renvoyés;5.0
compétente;7.0
constitutionnelle;3.0
juillet;5.0
message;1.0
motivé;5.0
distribué;8.0
contraire;5.0
ufrcst;1.0
précédée;2.0
len;1.0
connaissance;6.0
renvoie;4.0
attribution;3.0
rentre;3.0
renvoyées;3.0
compétentes;1.0
semaine;3.0
désirez;1.0
demandez;1.0
eommission;1.0
prochaine;2.0
est-il;1.0
réservons;2.0
document;3.0
remis;2.0
déplacement;1.0
entravés;1.0
idéposés;1.0
archive;1.0
concernent;3.0
-personne;1.0
consultative;1.0
chargée;6.0
désigner;1.0
représentera;1.0
auprès;2.0
quart;3.0
impossibilité;2.0
défaut;5.0
quorum;2.0
explicitement;1.0
valable;3.0
comporte;1.0
réserver;2.0
constate;4.0
dessaisir;1.0
proposition-qui;1.0
aune;1.0
prési-;1.0
dent;1.0
cfbnne;1.0
sance;1.0
sui;1.0
vante;1.0
entrjjjj;1.0
soumet;6.0
aprèe;1.0
débat;16.0
désigne;1.0
intervenir;3.0
chambra;1.0
prononcée;5.0
urgente;4.0
accompagner;1.0
annexe;2.0
délar;1.0
chiffre;1.0
renvoyer;4.0
entier;2.0
unvamendement;1.0
prévoyant;1.0
coin;1.0
arthur;3.0
groussier;3.0
articiè;1.0
spécial;2.0
examine;2.0
artr;1.0
cle;2.0
voifr;1.0
corfl;1.0
affectant;1.0
rer;2.0
cettes;1.0
dépense;8.0
proposer;1.0
imputation;2.0
favorables;1.0
communiquer;1.0
annet;1.0
nit;1.0
ci-des;1.0
lîk;1.0
êtr;1.0
oralement;2.0
pap;1.0
spécialeinca;1.0
désigné;4.0
formuler;1.0
général;7.0
suivons;1.0
quons;1.0
cel;2.0
dig-;1.0
tribué;1.0
ques;1.0
lonoir;1.0
votés;4.0
ycil;1.0
concorde;1.0
absolument;1.0
emanéle-quélques;1.0
ications;1.0
sérfp;1.0
signalons;2.0
aiit;1.0
msignifiants;1.0
r-s;1.0
erniers;1.0
nifta-o;1.0
ations;1.0
orthographe;1.0
emile-d;1.0
umas;1.0
appelez;1.0
modificahâ;1.0
quilï;1.0
coquille;1.0
cichamt;1.0
irnbre;1.0
dun;1.0
çej;1.0
apportesoralement;1.0
jcjojmu;1.0
cominission;1.0
spécialement;4.0
trouvait;1.0
cbni;1.0
mod;1.0
pur;5.0
tenoir;1.0
élève;1.0
répètf;1.0
donsldent;1.0
don;2.0
trjir-;1.0
dist;1.0
îéfi-î;1.0
feisiature;1.0
repris;3.0
savez;1.0
vdoivent;1.0
rimés;1.0
précclégislature;1.0
ûernl;1.0
apport;1.0
ancien;8.0
léttj;1.0
vou;1.0
fte;1.0
pouvl;1.0
réimprimer;1.0
modifiant;2.0
modificar;1.0
importantes;2.0
li;2.0
îentp;1.0
permettre;3.0
col-;1.0
promu;1.0
purent;1.0
lnsérés;1.0
fwenso;1.0
intersession;1.0
illtervalles;1.0
mllljssio;1.0
lorschtq;1.0
êdiatement;1.0
présid;1.0
ragent;1.0
lière;1.0
rattachés;1.0
seance;1.0
ièrp;1.0
charnb;1.0
trnbre;1.0
motivée;2.0
nneiies;1.0
lie;2.0
petit;1.0
souvrirque;1.0
buda;1.0
distribution;6.0
bud;1.0
discutés;1.0
tlon;1.0
îon;1.0
distribuperso;1.0
jel;1.0
lets;1.0
port;1.0
dé-;1.0
puté;2.0
précfsîons;1.0
formulerdes;1.0
objêrctifiiïs;1.0
note;2.0
parvenir;1.0
directement;3.0
écrites;7.0
établi;2.0
secrétariat;3.0
mentionner;1.0
désignés;1.0
renouvellement;1.0
intégral;1.0
parles;1.0
précédente;4.0
déposées;4.0
main;12.0
communique;1.0
émane;1.0
assis;5.0
levé;5.0
émanant;1.0
charge;1.0
soutenir;2.0
inscription;8.0
limitant;1.0
amendés;1.0
vii;1.0
ouvre;2.0
dirige;1.0
maintient;1.0
siéger;2.0
publiques;2.0
surveillent;1.0
revêtu;1.0
signature;5.0
contresigné;1.0
communiquées;1.0
ordonne;1.0
impression;3.0
juge;4.0
parler;3.0
obtenue;1.0
inscrivent;1.0
demndent;1.0
însçrît;1.0
céder;2.0
intervertir;1.0
saires;1.0
assujetti;1.0
obtiennent;1.0
réclament;1.0
orateur;10.0
renfermer;1.0
écarte;2.0
rappelé;5.0
discours;6.0
continue;4.0
écarter;1.0
interdit;5.0
levée;8.0
manifestation;1.0
troublant;1.0
préalable;2.0
délibérer;1.0
principale;3.0
demanda;1.0
priorité;2.0
préférence;1.0
suspendent;1.0
achevé;1.0
manière;4.0
devient;1.0
tumultueuse;2.0
calmer;1.0
couvre;1.0
trouble;3.0
annonce;2.0
suspendre;2.0
calme;1.0
rétablit;1.0
reprise;4.0
tumulte;2.0
renaît;1.0
lève;3.0
formera;1.0
comité;3.0
signées;1.0
signataire;2.0
insérés;2.0
cessé;1.0
affichage;3.0
jnots-;1.0
-sur;1.0
aingf;1.0
afficnage;1.0
distours;1.0
ylu;1.0
discipline;1.0
ivart;1.0
disciplinaire;2.0
censure;15.0
exclusion;9.0
temporaire;7.0
infraction;1.0
-qui;2.0
encouru;1.0
autorisé;2.0
obtient;1.0
interdire;1.0
signal;1.0
scène;1.0
abstention;2.0
législatifs;4.0
adressé;2.0
provocation;2.0
menace;2.0
palais;8.0
résisté;1.0
subi;1.0
violence;1.0
provoqué;1.0
violation;1.0
constitutionnelles;1.0
outrage;2.0
entraîne;1.0
interdiction;2.0
reparaître;1.0
expiration;4.0
du-jour;1.0
quinzième;1.0
désobéissance;1.0
injonction;1.0
sortir;1.0
appliquée;1.0
étend;1.0
reparaît;2.0
local;3.0
préparé;1.0
retenu;2.0
excéder;1.0
salle;6.0
constatée;3.0
prononcées;1.0
parla;1.0
entendre;3.0
prononçant;1.0
procèsverbal;1.0
emporte;2.0
privation;2.0
moitié;3.0
indemnité;3.0
allouée;2.0
afuchage;1.0
exemplaire;1.0
frai;2.0
extrait;1.0
mentionnant;1.0
affiche;1.0
apposées;1.0
circonscription;1.0
enceinte;3.0
suspendue;3.0
expliquer;1.0
quitter;1.0
indiqué;2.0
résistance;1.0
informe;1.0
procureur;1.0
volation;1.0
proclamé;2.0
désaccord;3.0
renouvelée;1.0
ndl;1.0
-peut;1.0
obtenima;1.0
établisse;1.0
impôt;1.0
contribution;1.0
pubhc;1.0
cepté;1.0
épreuvfl;1.0
commencée;2.0
douteur;2.0
signée;3.0
votant;4.0
tenso;1.0
arti;2.0
nwisieur;1.0
ole;1.0
posef;1.0
venu;1.0
parlement;1.0
mentaires;1.0
qualifiés;1.0
critiquer;1.0
lacune;1.0
vota;1.0
soulevée;1.0
demandant;17.0
suppression;1.0
procuration;2.0
votation;1.0
personnelle;1.0
obligeant;1.0
circons;1.0
tances;1.0
traversons;1.0
donnions;1.0
all;1.0
spectacle;1.0
aif;1.0
soldat;4.0
manque;1.0
agira;1.0
engageront;1.0
avenir;1.0
économique;2.0
nll;1.0
hâter;1.0
attache;1.0
pitls;1.0
der;1.0
nière;1.0
réformer;1.0
groupé;1.0
pouvaient;1.0
améliorer;1.0
rendement;1.0
acceptées;1.0
soulever;1.0
rangé;1.0
susceptibles;1.0
gros;2.0
écarté;1.0
définitivff;1.0
citerai;1.0
trait;1.0
innovatiou;1.0
esscw;1.0
tielle;1.0
introduire;2.0
rappellent;1.0
orage;1.0
déclare;4.0
tendu;1.0
formelle;1.0
rappor;1.0
terons;1.0
bientôt;1.0
scrut;1.0
pense;2.0
avo;1.0
deartant;1.0
mol-meme;1.0
aurai;1.0
in-aristide;1.0
remercie;1.0
honoe;1.0
pudans;1.0
urne;3.0
voilveut;1.0
lane;1.0
bleu;1.0
recueillis;1.0
présidp;1.0
clôture;2.0
iurnp-;1.0
apportées;1.0
tribtille;1.0
dépouilsultent;1.0
répersonne;1.0
fj-;1.0
sidp;1.0
préent;1.0
visarni;1.0
déterminé;3.0
présellee;1.0
inal;1.0
trij;1.0
remet;2.0
automatique;2.0
placée;2.0
enregistrement;1.0
uujueroteur;1.0
mécanique;1.0
émargement;1.0
tants;1.0
fur;1.0
dem;1.0
véritication;1.0
pouv;1.0
irs;1.0
semhv;1.0
iblée;1.0
sec;1.0
iiom-;1.0
ltlnations;1.0
ijp;1.0
enregistrant;1.0
recus;1.0
numéroteur;1.0
salon;2.0
voisi;1.0
surcc;1.0
assisté;1.0
soji;1.0
duhetin;1.0
siaace;1.0
îajf;1.0
émari;1.0
irldi;1.0
consulté;1.0
dle;1.0
dinai;1.0
poulllement;1.0
ifc;1.0
cominreûoir-;1.0
flon;1.0
prescrivant;1.0
enom;1.0
figurera;1.0
lendeai;1.0
émis;2.0
éle;1.0
électl;1.0
ois;2.0
voisin;1.0
trouvellllne;1.0
atteint;2.0
puisse;2.0
retrouver;1.0
repart;1.0
rirenj;1.0
rapprocher;1.0
lirendr;1.0
ieilart;1.0
séa;1.0
ifrès;1.0
ftj;1.0
president;1.0
aiidoffrenoir;1.0
consentir;1.0
joindre;1.0
prodneu-;1.0
promets;1.0
examinée;1.0
prochainement;2.0
bref;2.0
second;2.0
provient;1.0
seule;1.0
close;1.0
veut;3.0
successivement;1.0
indiquent;1.0
rapportent;1.0
rédigés;1.0
sommairement;4.0
motivés;4.0
transmis;2.0
publies;1.0
posé;2.0
indiquer;1.0
délibére;1.0
régulière-;1.0
appuyé;1.0
additionnel;4.0
rappor-;1.0
répercus;1.0
retirer;1.0
reprend;1.0
dis-;1.0
cussion;1.0
revisé;1.0
coordonné;1.0
exclusivement;1.0
votée;2.0
promulguée;1.0
rejetées;1.0
représentées;1.0
approbation;5.0
conclu;1.0
voté;4.0
de-la;1.0
quelques-unes;1.0
clause;4.0
contestées;1.0
rensur;1.0
voyées;1.0
conclut;1.0
rejet;1.0
ajournement;3.0
-eu;1.0
appelant;3.0
vatm;1.0
tention;1.0
relater;1.0
fonde;1.0
surscoit;1.0
ratifier;1.0
constituées;1.0
convoqués;4.0
conférence;3.0
avisé;2.0
confé-;1.0
rence;1.0
réglé;1.0
affiché;1.0
publié;1.0
offiriel;1.0
augagneur;1.0
antoinç;1.0
borrel;1.0
savoie;1.0
berger;1.0
camuzet;1.0
coûtant;1.0
even;1.0
albert;1.0
grodet;1.0
fabre;1.0
kerguézec;1.0
lancien;1.0
lefol;1.0
mahieu;1.0
maître;1.0
painlevé;1.0
rameil;1.0
tournan;1.0
viviani;1.0
extraordinaire;1.0
normale;4.0
mardi;2.0
déciderait;1.0
interpellation;10.0
politique;1.0
obstacle;1.0
épuisé;1.0
élaboration;1.0
obligatoirement;1.0
soutenue;1.0
réserverons;1.0
xii;1.0
prévue;2.0
recette;1.0
supplémentaires;1.0
extraordinaires;1.0
afférents;1.0
exercice;4.0
courant;1.0
clos;1.0
périmés;1.0
augmenter;1.0
suivent;6.0
figure;1.0
augmentation;2.0
diminution;1.0
indication;4.0
finance;2.0
création;1.0
vigueur;3.0
motion;2.0
régulièrement;1.0
sommaire;2.0
mettra;1.0
transmise;2.0
envoi;1.0
présentation;1.0
compétent;2.0
transmettrait;1.0
luimême;1.0
réduit;1.0
déclaré;1.0
transmission;1.0
adopte;1.0
transmet;1.0
intermédiaire;1.0
nou;1.0
vellè;1.0
entendent;1.0
commisse;1.0
nommée;2.0
délibère;1.0
repoussé;1.0
àlo;1.0
dre;1.0
mol;2.0
rejetés;1.0
xiv;1.0
adres;1.0
ser;1.0
sommairemell;1.0
dép;1.0
gouvernent;1.0
terpellation;1.0
disc;1.0
cfi;1.0
commencé;1.0
joneti;1.0
interpellateur;1.0
interpe;1.0
lateur;1.0
tto;1.0
senté;1.0
dop;1.0
ost;1.0
adop;1.0
pie;1.0
priorite;1.0
écafde;1.0
deij;1.0
corn;1.0
eau;1.0
commise;1.0
rejetée;1.0
statué;4.0
rang;1.0
pjjor;1.0
èjj;1.0
kure;1.0
ci-dessus;3.0
chambre-;1.0
fji;1.0
communiquée;1.0
préalablement;2.0
ètro;1.0
bistre;1.0
orale;3.0
som;2.0
lirement;1.0
rédigées;2.0
présin;1.0
iis;1.0
imprimées;2.0
onses;1.0
ondre;1.0
réel;1.0
rassembler;3.0
éléj-qts;1.0
vent;1.0
quances;1.0
répliquer;1.0
adopt;1.0
pétition;13.0
rédif;1.0
outr;1.0
piquer;1.0
pétitionnaire;4.0
etue;1.0
doivvaejt;1.0
légalisées;1.0
légalisation;1.0
refusé;1.0
péti;1.0
ai-ra;1.0
refus;1.0
rpétitions;1.0
aident;1.0
marge;1.0
tte;1.0
apportée;1.0
bli;1.0
rassemblement;1.0
pulli;1.0
eposée;1.0
arrivée;2.0
gêné;1.0
contenant;1.0
numéro;2.0
pétitionî;1.0
obivinsi;1.0
jedt;1.0
pressée;1.0
ilibre;1.0
insdeu;1.0
présis;1.0
plul;1.0
heu;1.0
qualifiée;1.0
preu;1.0
relldre;1.0
drplç;1.0
eee;1.0
pureln;1.0
classer;1.0
îttremr;1.0
àvf;1.0
uhon;1.0
dopté;1.0
feuilleton;4.0
semame;1.0
tnicue;1.0
hambr;1.0
doïïiiciie;1.0
tionnaire;1.0
aire;1.0
fla;1.0
iet;1.0
îapportpii;1.0
enfin;1.0
succinct;1.0
utef;1.0
qïs;1.0
unani-;1.0
mité;1.0
deviennent;1.0
définitive;1.0
mentionnées;1.0
respectivement;1.0
xvi;1.0
congé;7.0
absenter;1.0
cong;1.0
remettant;1.0
xvii;1.0
organisation;1.0
divisent;1.0
analytique;1.0
sténographie;2.0
expédition;1.0
questure;1.0
ar-;1.0
chives;1.0
bibliothèque;1.0
caisse;2.0
bâtiment;1.0
haute;1.0
direction;2.0
contrôle;2.0
habitent;1.0
année;1.0
comptabilité;7.0
alloués;1.0
vérifie;1.0
apure;1.0
antérieurs;1.0
réglés;1.0
récolement;1.0
mobilier;1.0
appartenant;3.0
préparent;1.0
réglées;1.0
mandat;2.0
confié;1.0
soient;3.0
valablement;1.0
payables;1.0
trésorier;1.0
délivrés;1.0
acquittement;1.0
imputables;1.0
accompagnés;1.0
exigées;1.0
revêtus;1.0
délégué;1.0
adoj;1.0
xviii;1.0
intérieure;2.0
extérieure;2.0
veiller;1.0
sûreté;1.0
placées;2.0
habite;1.0
intérieur;3.0
exercée;1.0
prescription;1.0
mar;1.0
électorales;3.0
secteur;7.0
vingt-quatre;1.0
publication;1.0
appartiennent;1.0
désirent;1.0
averti;1.0
réclamation;2.0
pourraient;1.0
réuni;1.0
définitivement;1.0
convoque;1.0
répartition;1.0
tenui;1.0
ancienneté;2.0
lai;1.0
située;1.0
attribué;1.0
suivie;1.0
rendent;1.0
remaniement;2.0
reproduite;1.0
prétexte;1.0
siègent;1.0
-tlennent;1.0
assise;1.0
découverte;1.0
silence;1.0
marque;1.0
improbation;1.0
sur-lechamp;1.0
exclu;1.0
huissier;1.0
autorité;1.0
députation;2.0
désignées;1.0
composent;1.0
nécessairement;1.0
insigne;1.0
consistent;1.0
décoration;1.0
ornée;1.0
faisceaux;1.0
surmontés;1.0
écharpe;1.0
tricolore;1.0
frange;1.0
sautoir;1.0
respectives;1.0
agent;1.0
tête;2.0
déposerons;1.0
espérons;1.0
pleinement;1.0
allocation;7.0
victime;2.0
lenir;1.0
lre;5.0
fromelles;1.0
llondschoote;1.0
bray-dunes;1.0
ardennes;1.0
ferrée;1.0
formant;1.0
prolongement;1.0
vicinale;1.0
belge;1.0
bouillon;1.0
corbion;1.0
délibération-sur;1.0
utilité;1.0
tracé;1.0
profil;1.0
tramway;1.0
caen;1.0
falaise;1.0
conversion;1.0
financière;1.0
décembre;3.0
accordant;1.0
cessation;1.0
veuve;1.0
marinier;1.0
quartier-maître;1.0
équipage;1.0
flotte;1.0
décédé;1.0
drapeau;2.0
solde;3.0
prohibition;1.0
sortie;2.0
entrée;1.0
lpc;1.0
prohibant;1.0
tunisie;1.0
maroc;2.0
lrc;2.0
médaille;1.0
dite;1.0
andré;1.0
paisant;1.0
forgeot;1.0
schmidt;1.0
vente;1.0
détail;2.0
circulation;1.0
absinthe;2.0
liqueur;1.0
similaires;1.0
domicile;4.0
imprimée;1.0
distribuée;1.0
jssentimenl;1.0
violette;1.0
noircarme;1.0
juin;2.0
vintérêt;1.0
intevh;1.0
qlt;1.0
tls-réclament;1.0
prk;1.0
sidence;6.0
connevot;3.0
dclll;1.0
dant;2.0
approchons;1.0
époque;2.0
agricoles;2.0
plu;1.0
campagne;1.0
mobilisation;2.0
vieillardn;1.0
inaptes;2.0
nécessité;2.0
militai;1.0
permission;1.0
variant;1.0
mobili;1.0
leu;2.0
proximité;1.0
lel;1.0
lavoinne;2.0
réquisitionner;1.0
seine-inférreure;1.0
ufs;1.0
vache;1.0
maigre;1.0
destinés;1.0
rage;1.0
abatage;1.0
kilogr;3.0
viande;3.0
médiocre;1.0
animal;1.0
fournirait;1.0
porc;1.0
parfois;1.0
tionnés;1.0
poids;1.0
faisau;1.0
région;2.0
télé-;1.0
onapii;1.0
prt;2.0
raoul;1.0
péret;1.0
demandai;2.0
indus;1.0
tué;3.0
tjt;1.0
laires;1.0
livret;2.0
épargne;1.0
tale;1.0
toucher;3.0
montant;1.0
plifier;1.0
formalité;1.0
décès;1.0
ciellement;1.0
notifié;1.0
jifef;1.0
carré-bonvalet;1.0
iltl;1.0
rétablir;2.0
convalescence;4.0
pli;1.0
nuée;1.0
réta;1.0
évacué;2.0
sanitaire;2.0
rég;1.0
destinée;1.0
recevoir;1.0
convalescent;1.0
luele;1.0
instituteur;1.0
postiérs;1.0
généralement;1.0
fonctionnaire;2.0
actif;1.0
versés;2.0
auxiliaire;2.0
laissés;1.0
occupent;1.0
désorganiser;1.0
vlces;1.0
lics;1.0
nécessiteraient;2.0
remplaceent;1.0
prénai;1.0
mini;1.0
lard;1.0
caporal;3.0
fourrierq;1.0
remplaçant;1.0
sergent;1.0
fourrier;1.0
affecté;2.0
liaison;1.0
bataillon;1.0
viv;1.0
sous-officier;4.0
table;1.0
inité;1.0
journalier;2.0
dnovembre;1.0
zone;1.0
arfilées;1.0
prépâïù;1.0
crolard;1.0
stre;2.0
adjudant;1.0
motallsj;1.0
nibé;1.0
malade;1.0
liôpitai;1.0
sorti;1.0
roit;1.0
hôdims;1.0
allot;1.0
citio;1.0
circulaire;1.0
novemdernier;1.0
derw;1.0
présiii;1.0
ueil;1.0
lxlinistre;1.0
mesudan;1.0
restituer;1.0
qlli;1.0
rrllhtaires;1.0
artenaient;1.0
side;1.0
préparai;1.0
ttte;1.0
henry;2.0
ilte;1.0
flan;1.0
défectuosité;1.0
postal;1.0
signalant;1.0
fue;1.0
novembre;1.0
rroeth;1.0
colis;1.0
adressés;1.0
olidi;1.0
châtre;1.0
indre;1.0
infanterie;2.0
arrivé;1.0
destinatio;1.0
prédar;1.0
nry;1.0
exposant;1.0
ifi;1.0
corfg;1.0
sponstre;1.0
destination;1.0
train;1.0
dépendant;1.0
gare;1.0
troyes;1.0
subiss;1.0
retard;1.0
considérables;1.0
procé-;1.0
ririaîtra;1.0
rpdmé;1.0
dier;1.0
lence;1.0
prére;1.0
demanserait;1.0
assimiler;1.0
classe;7.0
territoriale;1.0
iinsi;1.0
prée;1.0
me-;2.0
sures;1.0
vivant;1.0
abel;3.0
lefèvrç;1.0
fixer;1.0
prix;2.0
habillement;1.0
confiés;1.0
lefèvre;2.0
brigadier;1.0
reconnus;3.0
apte;2.0
revision;3.0
réincorporés;1.0
grade;1.0
vis-à-vis;1.0
exempté;3.0
réformé;2.0
mairie;1.0
résidence;2.0
examinés;1.0
rouzic;3.0
paraîtrait;2.0
équitable;3.0
gendarmerie;1.0
volontai-;1.0
activité;1.0
avantage;1.0
rattachant;1.0
active;1.0
lugol;1.0
apparaissant;1.0
expérience;1.0
acquise;1.0
profession;2.0
pouvant;1.0
continuation;1.0
wendel;1.0
alsacienslorrains;1.0
engagement;1.0
fusillés;1.0
seraient;1.0
prisonnier;2.0
employer;1.0
avancer;1.0
étudiant;1.0
médecine;1.0
pharmacie;1.0
habituellement;1.0
von;1.0
plattenberg;2.0
vendre;1.0
immeuble;1.0
possédait;1.0
pari;1.0
lien;1.0
parenté;1.0
voiv;1.0
commandant;1.0
pré;1.0
détenteur;1.0
concession;1.0
domaine;1.0
maritime;1.0
mobilisé;1.0
redevance;1.0
domaniales;1.0
nécessiteux;1.0
détenu;1.0
belligérante;1.0
capture;1.0
destruction;1.0
navire;1.0
rappelant;1.0
remettre;1.0
horaire;1.0
transport;2.0
sécurité;1.0
garantir;1.0
compagnie;1.0
posée;4.0
gruet;2.0
réforrpés;1.0
avantagespour;1.0
incorporation;1.0
réserviste;1.0
territorial;2.0
recrutement;1.0
effectué;1.0
desideratum;1.0
exprimé;1.0
complet;1.0
affectation;1.0
itéponse;1.0
doizy;5.0
députe;1.0
croit;1.0
blessé;2.0
feu;1.0
proposés;1.0
envoyé;3.0
accordaient;1.0
rengagé;1.0
accordait;1.0
expresse;1.0
déclaraient;1.0
sure;1.0
assurer;1.0
placer;1.0
disposé;1.0
foyer;1.0
en-attendant;1.0
liquidation;1.0
blessure;1.0
infirmité;1.0
ministérielle;1.0
payable;1.0
quinzaine;1.0
taux;1.0
calculé;1.0
tarif;1.0
vingt-cinq;1.0
payement;1.0
notifiées;1.0
incessamment;1.0
définies;1.0
aient;1.0
octobre;1.0
iede;1.0
front;1.0
maintenue;1.0
sième;1.0
cov;1.0
naître;1.0
élément;1.0
rectification;1.0
delaba;1.0
ralisalion;1.0
deven;1.0
lofas;1.0
réalilé;1.0
constat;1.0
nement;1.0
natura;1.0
eoo;1.0
mie;1.0
sarrazin;1.0
reur;1.0
rll;1.0
lité;1.0
volé;1.0
