;1936-06-18
sommaire;1.0
procès-verbal;9.0
excuse;8.0
congé;14.0
discussion;22.0
proposition;125.0
résolulon;1.0
tendant;67.0
modifier;14.0
alinéa;7.0
article;84.0
règlement;71.0
renvoi;33.0
résolution;40.0
cornmission;2.0
adoption;11.0
den;1.0
ilnt;2.0
nomination;13.0
commission;197.0
pension;18.0
civil;16.0
militaire;11.0
doptioii;1.0
ant;2.0
tioargée;1.0
examiner;12.0
projet;33.0
propositiorls;1.0
loi;146.0
relatif;8.0
régime;14.0
buisson;1.0
suite;15.0
vérification;12.0
pouvoir;37.0
lot;20.0
conclusion;22.0
rapport;91.0
hieau;1.0
opération;43.0
électorales;47.0
lùa;1.0
irconscription;1.0
gourdon;8.0
brun;11.0
rapporteur;38.0
elidenient;1.0
ramette;3.0
itenation;1.0
enquête;51.0
scrutin;72.0
public;27.0
aadoption;1.0
dmrr;1.0
isrsioji;1.0
malvy;22.0
y-de-dome;1.0
sslc;1.0
bureau;106.0
circonscription;41.0
riom;15.0
laville;7.0
fifésidont;1.0
beuiar;1.0
monzie;48.0
margaine;9.0
président;136.0
poitou-duplessy;8.0
rmentier;1.0
amendement;15.0
pébellier;25.0
rejet;2.0
cousin;15.0
marcel;19.0
héraud;10.0
parmentier;15.0
ratelade;41.0
jacques;6.0
duclos;12.0
vote;69.0
péibellier;1.0
epreuve;1.0
déclarée;2.0
douteur;3.0
décision;25.0
procéder;10.0
donner;14.0
priorité;7.0
annulation;25.0
chambre;170.0
renvoyer;4.0
dossier;54.0
élection;62.0
ministre;57.0
justice;18.0
seine-inférieure;3.0
retrait;6.0
ordre;22.0
jour;31.0
rappe;1.0
yvetot;2.0
motion;4.0
demandé;10.0
demande;113.0
versées;2.0
interpellation;5.0
kérillis;6.0
politique;13.0
extérieure;2.0
gouvernement;17.0
mesure;15.0
compte;16.0
prendre;18.0
présence;7.0
danger;2.0
guerre;14.0
gérente;2.0
relative;6.0
crise;2.0
tourisme;3.0
péri;6.0
récentes;2.0
déchration;1.0
bbejs;1.0
rudolf;2.0
hess;2.0
intolérables;2.0
menace;10.0
immixion;1.0
français;11.0
contiennent;2.0
wiedemann-goiran;3.0
étranger;12.0
nolilm;1.0
ment;10.0
concerne;9.0
réforme;4.0
société;2.0
nation;4.0
fixation;1.0
ultérieure;1.0
finance;23.0
reprise;3.0
précédent;7.0
législature;34.0
dépôt;7.0
presidence;2.0
edouard;15.0
herriot;2.0
séance;24.0
ouverte;2.0
proces-verbal;1.0
rené;20.0
rollin;8.0
secrétairesi;1.0
donne;10.0
lecture;8.0
mardi;7.0
juin;66.0
adopté;16.0
conges;1.0
drouot;4.0
assister;3.0
elbel;4.0
jean;55.0
hennessy;3.0
excusent;1.0
présente;6.0
demandent;22.0
conformément;31.0
avis;8.0
accorder;10.0
opposition;37.0
resolution;4.0
artecle;1.0
reglement;3.0
appelle;7.0
résolulion;1.0
chappedelaine;6.0
mori-naud;1.0
fernand;8.0
eouisson;1.0
droit;39.0
conséquence;36.0
renvoyée;26.0
tehdant;1.0
résolu-;1.0
tion;6.0
edmond;1.0
miellet;5.0
camille;9.0
planche;7.0
daais;1.0
générale;9.0
consulte;26.0
passage;3.0
consultée;26.0
décide;30.0
passer;11.0
nommer;3.0
condition;36.0
prévues;3.0
composée;1.0
quarante-quatre;1.0
membre;18.0
chargée;4.0
rapporter;2.0
-aux;1.0
ancien;13.0
combattant;2.0
victime;7.0
prendra;1.0
titre;10.0
mets;8.0
voix;64.0
mise;4.0
ïoix;1.0
chargee;1.0
regime;1.0
boisson;4.0
barthe;4.0
créer;7.0
nommée;4.0
verification;2.0
département;29.0
càrcooscription;1.0
inséré;2.0
rendu;5.0
extenso;4.0
conclut;3.0
validation;18.0
félix;10.0
applauilissements;1.0
vextrême;2.0
gauche;41.0
communisle;1.0
Monsieur;62.0
avril;22.0
traduit;1.0
désir;1.0
voir;10.0
apporter;3.0
dorénavant;1.0
propreté;5.0
acte;5.0
privé;2.0
applaudissement;23.0
extrême;24.0
communiste;11.0
apparaît;2.0
égard;7.0
député;37.0
exemple;7.0
sein;2.0
minorité;2.0
prononcée;1.0
raison;12.0
indiquer;5.0
proclamé;31.0
élu;60.0
tour;21.0
votant;35.0
majorité;36.0
paraît;4.0
substantielle;1.0
convient;3.0
savoir;8.0
obtenue;1.0
méthode;2.0
devon;3.0
condamner;1.0
personnage;1.0
important;4.0
parlement;4.0
soulignait;1.0
organe;3.0
influence;7.0
collègue;80.0
grand;19.0
campagne;10.0
électorale;12.0
semaine;4.0
cour;20.0
développé;1.0
programme;2.0
principal;7.0
argumentation;2.0
consisté;1.0
électeur;42.0
auteur;7.0
attribution;7.0
somme;18.0
importantes;2.0
distribuer;1.0
calamité;16.0
agricoles;12.0
protestons;1.0
distribution;1.0
subvention;11.0
conlire;1.0
abusive;1.0
tiré;1.0
parti;12.0
cont;1.0
produit;3.0
mar;12.0
dernier;14.0
occasion;6.0
conseil;26.0
revision;4.0
préfet;12.0
indiqué;3.0
maire;19.0
canton;6.0
intéressé;12.0
agriculture;12.0
accordé;6.0
réparation;5.0
dommage;2.0
causés;2.0
fournir;3.0
sinistré;3.0
vue;8.0
distribu;1.0
ion;5.0
allouées;2.0
accord;8.0
pression;21.0
faite;14.0
provoqué;3.0
part;23.0
lamothefénelon;1.0
protestation;17.0
immédiate;4.0
réunion;8.0
adressée;4.0
albert;21.0
sarraut;1.0
étude;1.0
contestée;3.0
déclara;1.0
tenu;12.0
propos;8.0
incriminés;7.0
série;8.0
établi;5.0
représentant;1.0
venant;1.0
ajouter;2.0
centaine;6.0
élevànt;1.0
million;6.0
franc;5.0
attribués;10.0
servi;2.0
enfin;9.0
mandat;5.0
adressés;1.0
veille;4.0
dif;1.0
nombre;53.0
reçu;47.0
sachant;1.0
entremise;1.0
voulons;2.0
signaler;3.0
petit;15.0
motif;3.0
pourrais;1.0
retenus;1.0
viens;5.0
indiaueri;1.0
estime;2.0
possible;12.0
valider;5.0
lieu;23.0
enquêter;2.0
fur;1.0
cil;1.0
conscription;1.0
rechercher;1.0
contravention;1.0
demandons;3.0
affirmer;1.0
puij;1.0
nécessité;1.0
commisse;1.0
destinée;2.0
rendre;4.0
interroger;1.0
lntelupltof;1.0
centre;29.0
ajpplaudissetnewà;1.0
trême;1.0
tpour;1.0
sign;1.0
lé;1.0
saisi;12.0
avons;29.0
preuvef;1.0
exacts;1.0
dojlo;1.0
pouo;1.0
demander;8.0
invalidation;12.0
malvv;1.0
interruption;25.0
ait;19.0
ventre;1.0
ttsiewrs;1.0
rnenlbres;1.0
front;9.0
populaire;10.0
entends;1.0
justement;1.0
démonstration;2.0
orga;1.0
tsrne;1.0
propreti;1.0
appla;2.0
-tidi;1.0
semei;1.0
exlrêma;1.0
ex-;1.0
terne;1.0
exclamation;10.0
considérer;7.0
i-es;1.0
appartenir;1.0
conteste;1.0
réoccupons;1.0
jieu;1.0
normale;4.0
entachée;1.0
erreur;8.0
ïai-ts;1.0
entraîner;5.0
rest;1.0
pparienne;1.0
eeiamons;1.0
ln-;1.0
errnptwns;1.0
argent;12.0
moscou;1.0
aurez;3.0
démontrer;1.0
uire;1.0
avez;12.0
ain;5.0
nothmmment;1.0
-février;1.0
êtes;7.0
soucieux;1.0
régner;2.0
-ipropreté;1.0
parl-eme;1.0
applaudissela;1.0
applaudissel;1.0
qaf;1.0
fme;1.0
onuche;1.0
banc;11.0
di-;1.0
biancs;1.0
ynus;1.0
allôns;1.0
véritablement;2.0
èjpt;1.0
établir;1.0
pays;3.0
trxtreme;1.0
exltêrnc;1.0
itp;1.0
porteur;2.0
jactjues;1.0
doriot;5.0
sùis;1.0
livré;2.0
nfij;1.0
orale;1.0
déceler;1.0
maier;1.0
déloyale;1.0
gerais;1.0
tribune;9.0
proposer;3.0
gau-;1.0
cor;2.0
muniste;1.0
ajv;1.0
acquis;4.0
conviction;1.0
cineq;1.0
lerne;1.0
aiee;1.0
îcceté;1.0
confié;1.0
tiq;1.0
llees;1.0
élec;1.0
quart;3.0
lecteur;1.0
inscrit;9.0
bulletin;86.0
blanc;15.0
fîta;1.0
exprimés;17.0
abil;1.0
obtenu;14.0
dat;1.0
rernl;1.0
canlie;1.0
protestent;1.0
este;1.0
point;12.0
arithmétique;1.0
tio;1.0
ïuis;1.0
sfaxons;1.0
nant;1.0
critique;2.0
concerfiant;1.0
affihe;1.0
apposée;1.0
mîw;1.0
nvsui;1.0
place;7.0
absolument;3.0
conforme;4.0
législative;4.0
ent;4.0
cin;1.0
lurea;1.0
pensé;3.0
aient;1.0
influer;1.0
résultat;33.0
tîlls;1.0
suffisamment;4.0
justifier;5.0
retenu;4.0
attention;8.0
sous-commission;2.0
attaché;1.0
secours;10.0
disttibués;1.0
paysan;6.0
dépar;1.0
tcment;1.0
veux;2.0
reprendre;23.0
grief;6.0
formulés;1.0
reçoit;1.0
paul;55.0
thellier;5.0
lettre;21.0
informant;1.0
versés;1.0
publie;2.0
quercynoise;1.0
adresse;3.0
publié;2.0
personnel;9.0
ipplaudissements;1.0
adressant;4.0
obligé;5.0
poser;3.0
question;37.0
engagerait;1.0
tenir;7.0
secrète;1.0
correspondance;2.0
échangera;1.0
ministère;6.0
lorsqu;6.0
agira;1.0
intérêt;5.0
rvois;1.0
pourrait;6.0
faire;50.0
ministérielle;3.0
pratique;3.0
courante;1.0
exception;3.0
vraiment;3.0
retenir;4.0
vaillant-couturier;10.0
arrivé;3.0
précédentes;3.0
publier;1.0
journal;8.0
villejuif;1.0
adressées;1.0
publiais;1.0
prison;3.0
partagions;1.0
moment;2.0
laissons;1.0
incident;4.0
côté;7.0
étiez;1.0
élire;2.0
banlieue;1.0
pari;4.0
oublié;2.0
lnlerruptions;1.0
régler;1.0
pour-exposer;1.0
tiendrai;1.0
simplement;13.0
invoqué;1.0
aurait;12.0
invité;1.0
commune;96.0
réunis;2.0
préparer;2.0
répartition;9.0
seraient;4.0
aurait-il;1.0
dit;18.0
examinés;1.0
écrite;2.0
lamothe-fénelon;4.0
accusation;2.0
contient;4.0
lenseigner;1.0
informées;1.0
questionné;1.0
jacquier;1.0
répondu;2.0
ajoutant;1.0
-il;1.0
seul;14.0
adversaire;5.0
ensemble;3.0
présent;11.0
allégation;2.0
ailleurs;19.0
polémique;1.0
acerbe;1.0
enlire;1.0
général;10.0
explique;3.0
document;11.0
défini;1.0
mis;10.0
application;22.0
excluait;1.0
initiative;1.0
ingérence;1.0
autorité;2.0
locale;2.0
ajoute;11.0
serait;12.0
difficile;4.0
prétendre;3.0
successives;1.0
dictée;1.0
considération;4.0
procédure;3.0
préciser;1.0
instruction;2.0
circulaire;11.0
ministérielles;1.0
exclusive;1.0
favoritisme;1.0
cas;21.0
taux;3.0
déterminé;1.0
texte;16.0
barème;1.0
rigidité;2.0
précisément;2.0
motivé;1.0
initiale;1.0
affaire;13.0
atfaiire;1.0
menée;1.0
souci;1.0
constant;1.0
équité;2.0
soupçon;2.0
fiené;1.0
besse;4.0
letire;1.0
voulu;5.0
adresser;2.0
précise;4.0
entendu;11.0
parlementaire;13.0
restèrent;1.0
crédit;10.0
intérieur;1.0
impossible;5.0
intevenir;1.0
travail;31.0
délicat;2.0
portant;12.0
devait;5.0
objet;13.0
examen;13.0
attentif;1.0
intervenus;1.0
activement;1.0
devoir;21.0
attirer;1.0
gra-;1.0
vité;1.0
désastre;1.0
obtenir;6.0
fond;4.0
indispensables;2.0
soient;2.0
dispo-sition;1.0
restés;1.0
accusa;1.0
dizaine;1.0
auraient;4.0
dénégation;3.0
catégorique;1.0
témoignage;5.0
formels;1.0
problème;3.0
déclaration;7.0
attirée;1.0
est-il;2.0
exact;3.0
brillante;1.0
représentation;2.0
peser;2.0
attribuer;2.0
disproportionnées;1.0
subies;3.0
éclaircir;1.0
complètement;3.0
fallait;2.0
importance;9.0
met;2.0
résulte;5.0
perte;3.0
agriculteur;2.0
atmosphériques;1.0
indique;2.0
hec;1.0
tare;1.0
culture;1.0
tabac;3.0
détruits;1.0
renaud;12.0
assurance;28.0
paye;1.0
li;1.0
remontrance;1.0
adressez-les;1.0
regrette;2.0
commis;10.0
inexactitude;1.0
observation;7.0
contredit;1.0
nullement;1.0
exposé;3.0
signale;3.0
destruction;2.0
hectare;1.0
montrer;3.0
montant;4.0
attribuée;1.0
répartie;1.0
arrondissement;14.0
supérieur;4.0
avion;2.0
époque;2.0
exceptionnel;2.0
bénéficié;1.0
analogue;6.0
janvier;7.0
date;14.0
informé;2.0
distribué;30.0
exactement;5.0
relève;2.0
corse;1.0
haute-garonne;2.0
lot-et-garonne;1.0
février;12.0
prie;7.0
interrompre;1.0
protester;2.0
puis;3.0
accepter;5.0
assimilation;2.0
marne;5.0
atteint;3.0
rhône;8.0
mouvement;7.0
tarn-et-garonne;1.0
énumération;3.0
pouvait;8.0
provoquer;1.0
sourire;4.0
persuadé;1.0
chose;4.0
passée;4.0
partout;2.0
parfaite;1.0
correction;1.0
tirons;1.0
fastidieuse;1.0
invalide;3.0
faut-il;2.0
revenant;1.0
arrière;1.0
élargissant;1.0
inculpe;1.0
manière;2.0
réélus;1.0
prétexte;1.0
vnlerruptums;1.0
autrefois;2.0
vouliez;1.0
fusiller;1.0
défendions;1.0
niel;5.0
changent;1.0
reprenions;1.0
dcvonsnous;1.0
constater;4.0
appliquer;5.0
spécial;5.0
france;7.0
ordonner;3.0
conclure;3.0
propose;12.0
vérifier;5.0
rappelle;4.0
groupe;23.0
vertu;5.0
ouverture;6.0
bure-ml;1.0
connaître;11.0
absolue;14.0
réel;1.0
fonction;5.0
affirme;3.0
quorum;2.0
ouvert;5.0
clos;4.0
forme;6.0
réglementaires;1.0
trente-cinq;2.0
minute;3.0
secrétaire;8.0
dépouillement;6.0
présîdetit;1.0
contfrc;1.0
admis;2.0
dissements;2.0
conge;1.0
montalembert;5.0
ce-;2.0
revenons;1.0
puy-de-dome;1.0
proclamer;12.0
alexandre;21.0
varenne;51.0
permettez-moi;3.0
rappeler;2.0
terme;10.0
présenté;3.0
nom;47.0
puy-de-dôme;10.0
chiffre;6.0
recensement;25.0
donné;12.0
suffrage;37.0
alfred;5.0
concurrent;9.0
introduit;1.0
basée;1.0
essentiellement;1.0
rectification;6.0
propre;6.0
proclamation;11.0
invoquait;1.0
annulés;4.0
annexés;2.0
veut;6.0
portaient;1.0
visa;1.0
scrutateur;2.0
envoyé;4.0
soutenait;2.0
irrégularité;2.0
pouvant;1.0
absence;9.0
présomption;1.0
fraucte;1.0
seule;7.0
peut-être;10.0
manquant;1.0
trouve;8.0
différence;2.0
second;9.0
signalait;1.0
appui;3.0
landogne;1.0
régulièrement;6.0
constitué;1.0
partie;6.0
exercé;1.0
remettant;1.0
enveloppe;4.0
contenant;1.0
avance;6.0
letk;1.0
offrant;1.0
boire;2.0
table;2.0
désistement;1.0
trouvait;1.0
recueilli;1.0
ballottage;3.0
concluait;1.0
procédé;12.0
signalés;1.0
certains-;1.0
détourné;1.0
main;41.0
qljl;1.0
auxaient;1.0
assurer;7.0
aille-ars;1.0
faisait;2.0
valoir;2.0
tralaigues;19.0
aucuf;1.0
isoloir;42.0
installé;2.0
ignoré;1.0
émis;8.0
égulières;1.0
replacer;1.0
faveur;7.0
réparties;1.0
suit;5.0
oix;1.0
décidé;6.0
secret;4.0
valablement;2.0
lin;1.0
salle;23.0
obtenus;1.0
rateiftae;1.0
devaient;1.0
ramenés;1.0
statuer;3.0
soulevé;3.0
observons-le;1.0
jurisprudence;9.0
etat;17.0
ckmne;1.0
entièrement;3.0
renseigner;1.0
matérialité;2.0
produisait;1.0
attestation;14.0
régulière;3.0
demandait;2.0
fut-il;1.0
demandée;4.0
départ;2.0
nent;1.0
fut;4.0
lundi;1.0
commissaire;5.0
délégué;3.0
cuet;1.0
affirmative;5.0
poséil;1.0
témoin;3.0
furent;2.0
unames;1.0
reconnaître;2.0
existait;2.0
trai;1.0
algue;1.0
bul;1.0
eut;3.0
moyen;15.0
deivalt;1.0
ontre;1.0
adoptait;1.0
thèse;1.0
conduit;1.0
preter;1.0
echt;1.0
sens;7.0
prononcer;11.0
-ne;1.0
fera;5.0
confirmer;1.0
dnot;1.0
constante;2.0
investie;1.0
absolu;4.0
uvoir;1.0
appel;4.0
matière;7.0
erlflcatlon;1.0
toe;1.0
savrait;1.0
liée;2.0
nlsslons;1.0
cedent;1.0
constatation;1.0
provisoirp;1.0
contestables;1.0
arnbe;1.0
élément;5.0
moraux;1.0
rmr;1.0
attéri-els;1.0
doi;1.0
franç;1.0
martin;10.0
fine;1.0
chamettre;1.0
candidat;18.0
candirit;1.0
repose;1.0
aill-eurs;1.0
mbreux;1.0
bltrei;1.0
estimé;2.0
inutile;5.0
exanliller;1.0
invoqués;1.0
rftenant;1.0
uniquement;3.0
concerné;1.0
nnulation;1.0
oloir;1.0
rectifier;4.0
roite;1.0
tre;1.0
ose-;1.0
ations;2.0
annuler;5.0
ecens;1.0
pôme;1.0
puy-dedôine;1.0
proclame;1.0
honneur;5.0
rité;1.0
commet;1.0
injustice;1.0
existe;2.0
nature;7.0
prise;4.0
retournée;1.0
semble;6.0
bénéficier;6.0
traitement;7.0
permettez;1.0
arrêt;5.0
intervenu;2.0
considérant;3.0
juillet;10.0
modifiée;2.0
quitter;1.0
isolément;1.0
aménagée;1.0
soustraire;5.0
regard;2.0
contesté;5.0
section;4.0
beaune;4.0
dispositif;1.0
aménagé;1.0
permettre;4.0
placer;2.0
prescrites;1.0
disposition;12.0
précitée;1.0
préau;2.0
école;1.0
extérieur;2.0
ouvre;1.0
parenthèse;1.0
souli;1.0
gner;1.0
lors;5.0
semblerait;1.0
grave;2.0
présentait;3.0
irrégulier;1.0
sauraient;1.0
retranchant;1.0
sieur;5.0
tombe;1.0
favorisé;1.0
obtenait;1.0
demandant;1.0
susvisé;1.0
retrancher;2.0
attribué;6.0
recueillies;2.0
besoin;4.0
pinet;4.0
fondé;3.0
alexanidre;1.0
çlermont-fenrand;1.0
sud-ouest;1.0
art;2.0
octobre;2.0
clermont-ferranid;1.0
sudouest;1.0
annulées;2.0
annulez;3.0
purement;3.0
voue;1.0
tenez;1.0
joseph;21.0
rossé;25.0
suivez;2.0
considéré;5.0
voliez;1.0
admettriez;1.0
valable-;1.0
grat;4.0
est-ce;2.0
invoquée;2.0
réclamer;3.0
apprécierez;1.0
invitons;1.0
existante;1.0
inspirer;1.0
terminant;1.0
bruit;1.0
eugène;17.0
défendre;3.0
connais;1.0
peine;3.0
traduire;1.0
émotion;4.0
manqué;1.0
naître;1.0
siègent;1.0
assemblée;8.0
présentées;1.0
viennent;2.0
reviendrai;1.0
aussitôt;1.0
connues;1.0
dépar-;1.0
tement;1.0
considérable;1.0
gauâlc;1.0
henry;2.0
andraud;6.0
inexact;1.0
eugènepébellier;1.0
traduite;1.0
démission;2.0
municipal;6.0
envoi;2.0
porté;11.0
connaissance;5.0
exposa;1.0
apprendre;1.0
pvesse;1.0
défaut;1.0
proposeaait;1.0
inclinons;1.0
faisons;1.0
observer;2.0
voisin;1.0
couloir;1.0
seconde;2.0
montclde-gélat;1.0
cxtrêmc;1.0
retenez;1.0
devez;4.0
également;23.0
montel-degélat;1.0
légère;1.0
électotales;1.0
conduirait;1.0
appliquez;1.0
montel-dc-gélat;1.0
maintenue;2.0
pouvez;2.0
interdit;2.0
décider;4.0
autrement;2.0
ladite;3.0
déposé;24.0
pourrez;1.0
juger;2.0
sainement;1.0
anatole;15.0
comprends;3.0
difliculté;1.0
pose;4.0
exa;1.0
men;1.0
hiom;3.0
difficulte;1.0
rencontre;2.0
ifois;1.0
agit;14.0
règle;4.0
strict;1.0
rappelé;2.0
circonstance;7.0
précédente;25.0
entraînait;2.0
ipso;1.0
facto;1.0
nullité;3.0
conséquent;2.0
visée;2.0
nulle;5.0
changés;1.0
avez-vous;1.0
devez-vous;1.0
redresser;2.0
calcul;14.0
rappellerai;1.0
formule;3.0
style;1.0
souverain;7.0
juge;10.0
preuve;6.0
parfois;1.0
trompe;1.0
exercez;1.0
implique;1.0
continuité;2.0
rapporte;1.0
livre;3.0
bible;1.0
pierre;43.0
intervenue;1.0
louis;63.0
legrand;2.0
regarde;2.0
solution;4.0
inves;1.0
tie;1.0
illimité;1.0
examine;2.0
situation;8.0
appartient;4.0
approuver;1.0
écarter;2.0
-les;1.0
posé;2.0
maintenu;6.0
rectifié;3.0
lntcrruptions;2.0
centrc;1.0
ferai;2.0
cachotterie;1.0
parle;3.0
délégation;1.0
d-e;6.0
amitié;3.0
arrive;3.0
pov;1.0
tait;1.0
inculpé;1.0
devient;1.0
défenseur;1.0
ami;13.0
soumettre;4.0
suggestion;3.0
croit;1.0
artifice;3.0
dis;3.0
simple;12.0
réclamé;1.0
associe;5.0
soumise;1.0
ferez;2.0
voudrez;1.0
net;5.0
déclaré;6.0
admets;1.0
confonde;1.0
prouvé;3.0
reste;5.0
prouver;3.0
attentive;1.0
ajustement;1.0
bonne;3.0
efforce;1.0
contestable;1.0
isoloitr;1.0
ccmmune;1.0
déterminée;1.0
statué;2.0
préoccupé;1.0
garnir;1.0
allé;2.0
découvert;1.0
placé;4.0
êtrre;1.0
désolé;1.0
vient;6.0
appréciera;1.0
allégué;2.0
parlé;3.0
constaté;1.0
plainte;2.0
nie;1.0
incontestable;3.0
titatuett;1.0
inverse;1.0
demandera;1.0
naturel;3.0
ricanement;1.0
pro-;7.0
blême;1.0
mathématique;6.0
applau-;1.0
gaîtehe;1.0
nonce;1.0
nécessite;2.0
défal-;1.0
cation;1.0
maj-s;1.0
voulant;1.0
disposer;2.0
acceptation;1.0
va-;1.0
renne;2.0
permission;2.0
amicale;1.0
cacherai;1.0
autorise;1.0
verser;1.0
débat;26.0
duire;1.0
légalement;3.0
créée;2.0
attitude;2.0
ésulte;1.0
communiqué;1.0
émanant;1.0
luimême;2.0
entend;2.0
suppose;1.0
dois;5.0
effectuées;1.0
résigne;1.0
déci-à;1.0
sion;7.0
reconnue;1.0
inévitable;1.0
laisser;4.0
impression;1.0
profite;1.0
déclarer;4.0
associerai;1.0
investigation;2.0
aboutir;1.0
requête;1.0
fin;5.0
invali-;1.0
dation;1.0
présentée;2.0
hatclaùc;1.0
inter-;1.0
ruptions;1.0
post-scriptum;1.0
phrase;2.0
supplémentaire;3.0
pouura;1.0
in-;1.0
téresser;1.0
intérieurement;1.0
apparaître;2.0
amenés;1.0
vain;1.0
légis-;1.0
lature;1.0
suppression;3.0
arron-;1.0
dissement;1.0
rétablissement;2.0
appaudissements;1.0
lmrcatt;1.0
conformé;1.0
temps;13.0
consi-;1.0
déré;1.0
examinant;2.0
cherché;1.0
discerner;1.0
volonté;5.0
librement;4.0
expiimée;1.0
recherche;1.0
itoujours;1.0
invariablement;1.0
trouvé;1.0
prenait;2.0
obtenues;1.0
sépare;1.0
alléguée;1.0
tralaiguesle;1.0
acquérir;1.0
certitude;1.0
isoloirpour;1.0
voté;14.0
sincérité;4.0
desopérations;1.0
prescription;1.0
obligation;2.0
sûr;2.0
exprimera;1.0
abri;2.0
indiscrétion;1.0
savon;1.0
mai-gaine;1.0
savez;2.0
faut;8.0
flan;1.0
lntcrruph;1.0
vérifié;1.0
pie;1.0
exilait;1.0
poitou-duptessy;1.0
voulez-vous;1.0
volontiers;1.0
poitou-oupressy;1.0
avait-il;3.0
jamais;5.0
poîtou-duplessy;1.0
garenne;1.0
jetions;1.0
applaupssernents;1.0
droife;1.0
çxlrcme;1.0
ttargateie;1.0
jeyant;1.0
déjà;6.0
prluit;1.0
légitimé;2.0
permettra;1.0
remarquer;3.0
preière;1.0
orrliilune;1.0
seulel;1.0
finale;1.0
vdo;1.0
ude;1.0
isolol;1.0
lecnseroble;1.0
arrêter;1.0
urd;1.0
ttéh;1.0
considère;2.0
sincères;1.0
consédat;1.0
annule;1.0
candn;1.0
réellement;1.0
aiur;1.0
circonscripil;1.0
îfaiil;1.0
lrfusement;1.0
affirmé;1.0
çalement;1.0
explication;4.0
lisoloir;1.0
entrée;2.0
bur;1.0
possibilité;3.0
voyait;1.0
puisqu;2.0
oié;1.0
aptté;1.0
matin;2.0
jiaires;1.0
suilp;1.0
jement;1.0
con;1.0
cer;1.0
apporte;1.0
lris;1.0
estiment;1.0
hût;1.0
croire;2.0
res;1.0
deu;1.0
lcn;1.0
contestent;1.0
aire;2.0
inhlée;1.0
exira;1.0
voudra;3.0
tthderçois;1.0
beaudoin;5.0
voulez;3.0
élysa;1.0
rate;1.0
fied;1.0
aurai;1.0
oos;1.0
longue;1.0
uortc;1.0
serais;1.0
mal-;1.0
habile;1.0
réduit;1.0
numéro;4.0
électoral;5.0
motocyclette;1.0
comité;1.0
soutenu;1.0
dévouement;1.0
applauqissemcnts;1.0
paraîtra;2.0
étonnant;1.0
puiss-e;1.0
accuser;1.0
gueux;1.0
truqué;1.0
là-dessus;1.0
remarquerai;1.0
renseignement;5.0
coup;2.0
avisé;1.0
opinion;2.0
clair;1.0
pro;2.0
testais;1.0
auprès;5.0
distingué;1.0
inusitée;2.0
demandais;1.0
complément;1.0
nouvelle;3.0
audition;1.0
permis;5.0
entier;3.0
détail;4.0
riom-montagne;1.0
annulé;6.0
maintes;1.0
pass;1.0
dépourvue;2.0
abscnee;1.0
faussé;2.0
libre;3.0
arbitre;1.0
éminent;2.0
william;5.0
bertrand;9.0
identique;2.0
puy;1.0
conclu;2.0
inobservation;3.0
saurait;2.0
engager;1.0
responsabilité;2.0
amener;2.0
établie;1.0
entraîne;1.0
davantage;2.0
traité;3.0
supplément;2.0
édition;1.0
page;6.0
note;1.0
prescrit;24.0
établissement;3.0
inexécution;1.0
concert;1.0
frauduleux;6.0
porter;2.0
atteinte;4.0
exprimée;1.0
hésité;1.0
formuler;3.0
éventuelle;1.0
tcstation;1.0
véhémente;1.0
paraîtrait;1.0
contraire;6.0
respect;2.0
universel;3.0
avenu;1.0
défectueuse;2.0
gêné;2.0
expression;3.0
dmite;1.0
colê;1.0
eil;1.0
retranche;2.0
étecteurs;1.0
citoyen;4.0
français-;1.0
applàudissements;1.0
multiple;1.0
teçus;1.0
police;1.0
clermont;1.0
pourvue;1.0
réglementaire;1.0
situé;1.0
pouvaient;1.0
isoler;1.0
recoin;1.0
muni;2.0
rideau;1.0
tinguy;4.0
souligner;1.0
plaint;1.0
agir;3.0
soutien;2.0
respectée;1.0
supposer;1.0
veuille;1.0
suivre;2.0
antidémocratique;1.0
pense;3.0
serons;2.0
appliquée;1.0
riommontagne;2.0
placées;1.0
montei-pn-gelat;1.0
placée;1.0
possédait;2.0
instituteur;2.0
logement;1.0
classe;2.0
fauche;1.0
isoloirou;1.0
stipule;1.0
trouver;2.0
logiquement;1.0
montel-en-gelat;1.0
trouverais;1.0
importante;3.0
proclamée;1.0
aurais;2.0
insiste;1.0
respectueux;1.0
démocratique;2.0
exprimé;1.0
riommontague;1.0
déclarerez;1.0
soir;1.0
valable;1.0
confirmerez;1.0
immédiatement;1.0
concitoyen;1.0
représenter;2.0
milieu;1.0
parïnenticr;1.0
andré;41.0
voudrais;5.0
uclques;1.0
truchement;2.0
amical;1.0
postérieure;2.0
préalable;2.0
aurions;2.0
donnée;2.0
demandez;1.0
éiu;1.0
actuelle;1.0
ïios;1.0
connaissais;2.0
applaudir;1.0
courage;1.0
éloquence;1.0
tres;2.0
actuellement;7.0
autant;4.0
réputé;1.0
regrettions;2.0
péhcljier;1.0
fcar;1.0
compliqué;2.0
sortira;1.0
hémicycle;3.0
entrer;2.0
applaudissepients;1.0
monzic;3.0
hommage;2.0
clarté;2.0
facile;5.0
vlroit;1.0
pourtant;1.0
limite;5.0
souyeraineté;1.0
tient;5.0
loyauté;3.0
souveraineté;1.0
large;1.0
pouvons;1.0
franchir;1.0
choix;4.0
formalité;1.0
rôle;5.0
tenon;1.0
peuple;1.0
formulée;2.0
prévu;1.0
bis;4.0
instant;3.0
constatons;1.0
curieux;1.0
de-;2.0
mander;1.0
visant;2.0
réclamée;1.0
normalement;1.0
devrions;1.0
ordonné;3.0
enquêté;2.0
désignera;1.0
adjoint;3.0
consultative;1.0
intéresse;1.0
tiendrait;1.0
choisir;2.0
appartenant;2.0
entré;4.0
supplie;3.0
portez;1.0
entorse;1.0
plier;1.0
discipline;1.0
accusé;1.0
paradoxe;1.0
est-à-dire;2.0
traditionnels;1.0
oui;5.0
issus;1.0
doctrine;1.0
commencé;1.0
collège;2.0
visé;2.0
ensuite;8.0
prononcé;3.0
admission;6.0
refusé;3.0
imposent;1.0
consistent;1.0
valide;1.0
invalider;1.0
contradiction;1.0
gloire;1.0
éclat;1.0
croyez;1.0
tester;1.0
res-;1.0
tera;1.0
provisoire;4.0
crois;5.0
position;5.0
en-;1.0
tendre;1.0
transaction;3.0
honorable;2.0
procla-;1.0
mer;1.0
com-;1.0
mission;4.0
apportées;1.0
hypothèse;2.0
honnêteté;3.0
jus-;1.0
tice;1.0
appelé;3.0
interrup-;1.0
tions;1.0
étonner;1.0
joue;1.0
raisonnement;1.0
sincèrement;1.0
extrêmement;1.0
dangereux;2.0
institution;4.0
rigoureusement;1.0
écart;3.0
écoutons;1.0
écoutez;1.0
bloch;3.0
écouté;2.0
pris;14.0
essayé;2.0
terrain;1.0
constitutionnel;1.0
parlcmej-;1.0
taire;1.0
sauvegardent;1.0
cxtrême-;1.0
assure;1.0
confrère;1.0
lie;4.0
distinction;1.0
nette;1.0
valida;2.0
échappe;1.0
fties;1.0
regrettent;1.0
confiée;1.0
juridiction;1.0
applaudisements;1.0
admettez;1.0
constitutionnelle;2.0
suffisant;2.0
courent;1.0
devraient;1.0
constituer;1.0
sauvegarde;1.0
vions;1.0
parler;1.0
sais;1.0
çxactement;1.0
siège;3.0
rentrée;1.0
pui;1.0
vaides;1.0
délibération;4.0
-et;1.0
contribuer;1.0
renverser;1.0
éligible;1.0
réserve;9.0
mentionnes;1.0
ordonnée;1.0
seui;1.0
laoct;1.0
tuellement;1.0
ccordé;1.0
notro;1.0
assistera;1.0
cetteenquête;1.0
quelqu;2.0
consis;1.0
lsqu;1.0
ectuée;1.0
mp-n;1.0
andissements;1.0
chamjjre;1.0
rendement;1.0
ile;2.0
drn;1.0
nsulte;1.0
osltion;1.0
til;1.0
uis;2.0
scrutlrldéposée;1.0
union;5.0
socialiste;7.0
républicain;5.0
républicai;1.0
rls;1.0
indépendant;6.0
aeton;1.0
rpoei;1.0
tleilureau;1.0
tonne;1.0
emcnta;1.0
ire;2.0
dix-it;1.0
lit;1.0
quarante-cinq;1.0
miv;1.0
dçde;1.0
péhellier;1.0
tend;2.0
évidence;1.0
saisie;3.0
motiver;1.0
tente;1.0
évidemment;2.0
éviter;1.0
développée;1.0
indigne;1.0
jeune;5.0
éprouvent;1.0
surprise;2.0
doute;12.0
conformité;1.0
hésiterais;1.0
prends;2.0
avocat;2.0
mollvements;1.0
espère;1.0
saurez;1.0
prétends;1.0
exercer;3.0
intangible;1.0
comprenais;1.0
fort;3.0
embarra;1.0
pourraient;3.0
suggéré;1.0
acceptée;1.0
soumets;2.0
uveau;1.0
répondre;3.0
laissez-moi;2.0
proposé;1.0
transactionnel;1.0
-deuxième;1.0
cru;9.0
devancer;1.0
mauvais;1.0
accueil;1.0
transactionnelle;3.0
bataille;5.0
hostile;1.0
persiste;1.0
comprît;1.0
esprit;3.0
anime;1.0
remplir;2.0
juridique;3.0
substituer;1.0
i-ecensernent;1.0
substitue;1.0
tribunal;3.0
erroné;2.0
incontestablement;1.0
espèce;3.0
permettrez;1.0
exprimer;1.0
encombrer;1.0
citation;1.0
cité;3.0
concernait;1.0
ajoutait;1.0
substance;1.0
annulée;1.0
inet;1.0
décompte;1.0
acquise;1.0
opé;1.0
ration;1.0
ligne;5.0
exprimas;1.0
réfèrent;1.0
estimons;1.0
ignorance;2.0
donnât;1.0
supériorité;1.0
persistent;1.0
autorisé;1.0
assuré;1.0
paradoxale;1.0
vincent;13.0
badie;4.0
injuste;1.0
an;12.0
difficulté;2.0
llenaud-moreuil;1.0
deschamps;1.0
proclamait;1.0
télang;1.0
allier;8.0
gouzy;1.0
libres;1.0
rejeter;1.0
levée;11.0
continuerons;1.0
apporterons;1.0
désire;1.0
brièvement;1.0
persisté;1.0
hateladc;1.0
automatique;2.0
prononce;1.0
mal;5.0
offrons;1.0
loyale;3.0
suivrons;1.0
apprécier;1.0
droûc;1.0
estimez;1.0
répète;2.0
laisserons;1.0
alternative;1.0
veulent;1.0
combinaison;1.0
ouvrons;1.0
veuillez;3.0
singulièrement;1.0
interrompu;1.0
fini;2.0
nettement;1.0
acceptez-vous;1.0
contrat;2.0
collectif;1.0
iiérauù;1.0
dirai;1.0
excellent;1.0
passionné;2.0
oublier;1.0
désaccord;1.0
froissent;1.0
comprendront;1.0
-pas;1.0
indication;3.0
accepte;2.0
expliqué;1.0
craignaient;1.0
déclarant;1.0
procédât;1.0
là-même;1.0
robert;24.0
schuman;33.0
douteux;4.0
rions;1.0
trompés;1.0
intervienne;1.0
tard;2.0
examiaer;1.0
rassurer;1.0
habitude;1.0
émettre;1.0
convaincu;1.0
trahira;1.0
confiance;2.0
réservée;1.0
soumis;6.0
eût;2.0
modifié;3.0
traînant;1.0
retarder;1.0
jour-s;1.0
demandle;1.0
geste;1.0
saisir;2.0
ïioiuveaux;1.0
inviter;12.0
présenter;2.0
puisse;1.0
cause;7.0
voulait;1.0
discuter;2.0
modeste;2.0
intervention;2.0
personnellement;1.0
récidivant;1.0
proposait;1.0
compromis;1.0
apprécions;1.0
désintéressée;1.0
naturellement;1.0
abordi;1.0
soulèvent;1.0
méritent;1.0
sagacité;1.0
permettent;2.0
compétent;1.0
réunir;2.0
unanimité;1.0
restreints;1.0
joùr;1.0
catéchisme;1.0
référence;1.0
conditionnelle;2.0
remonte;1.0
agissait;1.0
prince;1.0
sang;1.0
famille;8.0
régné;1.0
spéciale;6.0
constituante;1.0
validité;1.0
réserver;2.0
production;1.0
principe;3.0
sénat;3.0
actuel;2.0
ultérieurement;5.0
âge;6.0
fit;1.0
mode;1.0
régulier;1.0
pur;1.0
noncée;1.0
entree;1.0
cethémicycle;1.0
valida-;1.0
te-;1.0
nons;1.0
exerçons;1.0
vouloir;6.0
respec-;1.0
ter;4.0
juridiques;1.0
provisoirement;2.0
admettre;2.0
subit;1.0
sorte;1.0
diminutio;1.0
capitis;1.0
menee;1.0
connaîtrons;1.0
vérité;2.0
saurons;1.0
validé;1.0
bienli;1.0
qualité;12.0
jap;1.0
rallie;1.0
hel;1.0
raud;1.0
soutenue;2.0
toutefois;1.0
réponse;18.0
affirmation;2.0
claré;1.0
insumsam-;1.0
délibéré;1.0
lai;1.0
électom;1.0
raie;1.0
allant;3.0
encontre;2.0
avancés;1.0
rendez-vous;1.0
fixé;2.0
information;1.0
rapportée;1.0
vant;3.0
ajouterai;1.0
bu-;1.0
reau;1.0
del;1.0
lirai;1.0
résumer;1.0
fixer;1.0
héraut;1.0
lire;1.0
prononçant;2.0
lesf;1.0
raté;1.0
lade;1.0
réponds;1.0
parfaitement;2.0
remettre;3.0
éloignement;1.0
circons-;1.0
cription;1.0
organisation;3.0
jpa;1.0
tntendu;1.0
huissier;1.0
porte;24.0
ue-votre;1.0
omrnis;1.0
appeler;1.0
leste;1.0
matinée;2.0
s-perdus;1.0
jwornements;1.0
rt-it;1.0
mettre;6.0
déat;1.0
vouij;1.0
ni-;1.0
entendre;4.0
prémes;1.0
sentie;1.0
éprouve;1.0
outc;1.0
vhu;1.0
i-soloir;1.0
objec;1.0
jui;2.0
ote;1.0
ateladea;1.0
oii;1.0
trit;1.0
dîi;1.0
app;1.0
rt-;1.0
moouvements;1.0
rapl;1.0
clo;1.0
dul;1.0
hfl;1.0
nonation;1.0
une-;1.0
fussions;1.0
prinj;1.0
itarce;1.0
iqns;1.0
implicite;2.0
hatel;1.0
unc;1.0
considérons;1.0
orner;1.0
mathémawip;1.0
qtj;1.0
indiscutablement;1.0
modification;5.0
euxdénies;1.0
exige;3.0
pourflùoi;1.0
sa-;1.0
tisfn;1.0
cham-bre;1.0
éserver;1.0
éventuellement;1.0
rpelade;1.0
plaudissements;1.0
exqauchc;1.0
residetit;1.0
iwer;1.0
avonor;1.0
terminer;1.0
claire;1.0
pocçm;1.0
pelrmettez-moi;1.0
wer;1.0
lleli;1.0
iues;1.0
le-;1.0
pl-;1.0
uls;1.0
bler-;1.0
riaune;1.0
dosxa;1.0
ell;1.0
touta;1.0
ence;1.0
ernf;1.0
mettrai;1.0
pteernler;1.0
voyez;1.0
inconvtje;1.0
posant;1.0
suesti;1.0
lype;1.0
soutyjil;1.0
wri;1.0
ordinaire;2.0
wrès;1.0
hio;1.0
bwu;1.0
sez;1.0
ilse;1.0
yoter;1.0
désirez;1.0
conçue;1.0
lien;2.0
ihom;1.0
inclinerais;1.0
penser;1.0
trancher;1.0
épreuve;2.0
déclare;10.0
assis;25.0
levé;25.0
réclamation;2.0
ccntre;1.0
prêt;2.0
rappel;2.0
estimera;1.0
incriminons;1.0
lôyaiité;1.0
die;5.0
rend;3.0
schumari;1.0
pouviez;1.0
moncelle;24.0
laissez-le;1.0
aller;2.0
bout;1.0
injure;1.0
humiliante;1.0
air;1.0
mêler;1.0
précaution;1.0
consultation;1.0
fût;1.0
abor;1.0
consulté;1.0
rapporté;1.0
finir;1.0
bieni;1.0
recueillis;3.0
se-;1.0
cretairès;1.0
yotants;1.0
aaopté;1.0
restent;1.0
pôuillcment;1.0
est-elle;1.0
georges;26.0
retirée;1.0
consulter;1.0
référé;1.0
représentés;1.0
-est;1.0
conçu;2.0
députes;1.0
sera-;1.0
posée;2.0
renvoyé;53.0
transmis;1.0
vingtquatre;1.0
liste;11.0
remise;9.0
présidence;4.0
demain;3.0
vendredi;3.0
prochain;7.0
mercredi;3.0
ordoiné;1.0
dans-;1.0
journée;1.0
meircredi;1.0
désignés;5.0
enquete;1.0
armée;6.0
nécessaire;8.0
contrôle;4.0
métropole;1.0
théâtre;1.0
agréer;2.0
haute;3.0
guy;5.0
marine;4.0
marchand;5.0
domaine;1.0
exploitation;2.0
compagnie;1.0
navigation;1.0
subventionné;1.0
utilisation;1.0
aménagement;2.0
port;5.0
récemment;1.0
tenue;2.0
renouvelés;1.0
prier;1.0
michel;21.0
geistdoerfer;4.0
disp-;1.0
déposées;1.0
publiées;1.0
convoqués;1.0
diviser;1.0
secteur;1.0
vingt-quatre;1.0
suivent;3.0
publication;1.0
appartiennent;1.0
désirent;1.0
siéger;1.0
réunissent;1.0
demie;2.0
pieces;1.0
versees;1.0
election;1.0
charles;22.0
gallet;5.0
autorisation;2.0
retirer;3.0
archive;2.0
élevée;1.0
sables-d;1.0
olonne;2.0
soumises;2.0
distrait;1.0
empressé;1.0
morinaud;5.0
chargé;1.0
sablesd;1.0
oppose;1.0
restitution;1.0
ordon;1.0
fixée;4.0
remé-;1.0
dier;1.0
thi;1.0
terpellation;1.0
goebbels;1.0
hildestein;1.0
breslau;1.0
immixtion;1.0
notamment;2.0
intention;1.0
grenvoi;1.0
défense;4.0
nationale;4.0
armement;1.0
tillage;1.0
travaux;17.0
precedente;1.0
legislature;1.0
henri;55.0
meck;46.0
gullung;26.0
fuchs;25.0
hartmann;26.0
oberkirch;24.0
simon;20.0
sturmel;24.0
reille-soult;16.0
mourer;26.0
peter;24.0
seltz;21.0
sérot;25.0
ilarter;2.0
elsaesser;21.0
martel;32.0
desgranges;24.0
pezet;24.0
vaure;17.0
walter;28.0
déclarent;23.0
prévoyance;23.0
sociale;29.0
maurice;22.0
dormann;1.0
gislature;1.0
novembre;7.0
mendès-france;4.0
dé-;2.0
urgence;4.0
réalisant;1.0
déflation;1.0
dette;2.0
nées;1.0
ribot;1.0
loucheur;1.0
particulières;1.0
profit;1.0
travailleur;1.0
atteints;1.0
chômage;7.0
empêchés;1.0
acquitter;2.0
arrérage;1.0
dus;2.0
construction;2.0
habitation;2.0
marché;6.0
honorables;20.0
égaa;1.0
lement;2.0
assu;1.0
rance;1.0
déposée;23.0
signature;25.0
exigées;21.0
chanv;1.0
bre;3.0
statue;20.0
repris;49.0
rap;4.0
imprimé;35.0
règlt;1.0
fuchi;1.0
mou;2.0
harter;22.0
waure;1.0
gustave;6.0
doussain;5.0
décembre;8.0
quatorzième;1.0
treizième;1.0
reiliel;1.0
étendre;3.0
amnhaires;1.0
bénéfice;9.0
emploi;9.0
obligatoire;3.0
mutilé;3.0
durafour;1.0
réservés;1.0
utilés;1.0
iii;1.0
gouvercrnent;1.0
projï;1.0
mutiles;1.0
tra;2.0
president;1.0
cham;2.0
tpport;1.0
fto;1.0
teblin;1.0
irn;1.0
règleent;1.0
monràn;1.0
siftion;1.0
aesser;1.0
valter;1.0
hrf-;1.0
aslrwlce;1.0
législalure;1.0
enrl;1.0
législaïoj;1.0
lic;1.0
ue-s;1.0
champ;1.0
apde;1.0
assuranoo;1.0
accident;5.0
rîl;1.0
ssionnels;1.0
survehus;1.0
pavant;5.0
trajet;1.0
domicile;1.0
assllré;1.0
vice;1.0
versa;1.0
nor;1.0
tbles;1.0
asce;1.0
exicharnar;1.0
fhambrp;1.0
chnnibre;1.0
ttissio;1.0
comd;1.0
som;1.0
prési;1.0
dioi;1.0
distr;1.0
bué;1.0
commise;1.0
àssnw;1.0
onforrn;1.0
tnent;1.0
ïïent;1.0
règleinent;1.0
risaesser;1.0
bilger;2.0
ouvrier;11.0
code;11.0
vigueur;5.0
haut-rhin;7.0
basrhin;2.0
moselle;10.0
si-;1.0
motrice;14.0
dewez;6.0
refonte;1.0
caisse;9.0
mineur;6.0
ramel;3.0
garantir;1.0
autonomie;1.0
maximum;1.0
avantage;5.0
assurance-maladie;1.0
maternité;1.0
soin;4.0
octroi;1.0
avantageux;1.0
affilié;2.0
fudis;1.0
el-;1.0
saesser;1.0
reprentdre;1.0
réversibilité;1.0
retraite;12.0
veuve;2.0
retraité;2.0
décès;1.0
époux;1.0
appourchaux;1.0
partiel;1.0
instituer;2.0
autonome;1.0
nnc;1.0
chambra;1.0
fucns;1.0
clarent;1.0
rolland;6.0
pétrus;1.0
faure;5.0
national;5.0
définir;1.0
chômeur;1.0
législation;8.0
élaboration;1.0
sans-travail;1.0
votés;1.0
venir;1.0
aide;3.0
perfectionner;1.0
assurance-;1.0
desprez-potié;1.0
répartir;1.0
équitablement;1.0
charge;3.0
résultant;1.0
allocation;5.0
asjsurance;1.0
mande;1.0
d-écide;1.0
comimission;1.0
sojciales;1.0
fil;2.0
oherkirch;1.0
reille;2.0
soult;2.0
yaurc;1.0
alsace;47.0
lorrain;52.0
ratification;1.0
décret;8.0
haut-hhin;1.0
équilibre;1.0
budget;3.0
assainissement;2.0
financier;2.0
institut;3.0
invalidité-vieillesse;2.0
déeret;1.0
ipar;3.0
bossé;1.0
ivaure;1.0
frai;3.0
curatifs;1.0
peler;1.0
collégues;1.0
compléter;4.0
bas-rhin;14.0
distribue;1.0
hoille-soult;1.0
bilgcr;1.0
ifauthhin;1.0
règle-;1.0
supprimer;3.0
la-;1.0
iiepi;1.0
raipport;2.0
mollrer;1.0
autoriser;1.0
fonctionnaire;15.0
exercice;6.0
antérieurement;2.0
arrêté;2.0
rap-;1.0
commis-;1.0
régulariser;2.0
catégorie;4.0
titulaire;2.0
stagiaire;2.0
auxiliaire;2.0
permanent;1.0
recrutés;1.0
mocllc;1.0
egalement;1.0
eltz;1.0
elfaure;1.0
aure;1.0
rapp;1.0
onrt;1.0
ner;1.0
résolnuruon;1.0
thomas;13.0
gouement;1.0
prix;4.0
tajc;1.0
feuille;1.0
payé;3.0
planteur;1.0
partemenls;1.0
nrs;1.0
éciement;1.0
sace;3.0
dun;1.0
sident;1.0
exichin;1.0
débt;1.0
comsion;1.0
rappotî;1.0
jgiood;1.0
nrormément;1.0
règleinnt;1.0
snturrnel;1.0
selty;1.0
ossé;2.0
elivau;1.0
alsaoû;1.0
brom;1.0
sla;1.0
tri;2.0
lsicurs;1.0
touf;1.0
agent;10.0
poste;8.0
télé;1.0
graphe;1.0
téléphone;6.0
cadre;4.0
local;1.0
trectué;1.0
service;16.0
ectn;1.0
leo;1.0
jent;1.0
norables;1.0
fdu;1.0
présfrî;1.0
exi;1.0
gées;2.0
wement;1.0
prcscrit;1.0
rnbpre;1.0
tatue;1.0
com;2.0
eri;1.0
diu;1.0
pau;1.0
heille-soult;2.0
pzet;1.0
munication;1.0
chariot;1.0
précé;1.0
dente;1.0
abroger;3.0
cctifler;1.0
relativement;2.0
chemin;3.0
fer;5.0
réseau;3.0
demandient;1.0
éga;1.0
vau;1.0
communication;7.0
ext-;1.0
sau;1.0
bat;1.0
charnbic;1.0
siorf;1.0
dédommagement;1.0
occupation;1.0
troupe;1.0
comjnunicatiou;1.0
uchs;1.0
touis;1.0
raoul;1.0
brandon;4.0
applicables;1.0
réille-soult;1.0
ballu;1.0
salaire;2.0
minimum;3.0
heille-soùlt;1.0
harfer;1.0
encouragement;1.0
le-président;1.0
jtjuinze;1.0
publique;5.0
lro;2.0
martinique;4.0
oloron;1.0
depot;2.0
cte;1.0
terre;4.0
assentiment;27.0
création;2.0
grade;2.0
aspïrant;1.0
-hi;1.0
report;1.0
annexe;3.0
approbation;3.0
office;2.0
professionnel;1.0
blé;1.0
proj;1.0
adopte;1.0
apportant;1.0
décrets-lois;1.0
instituent;1.0
prélèvement;1.0
indemnité;5.0
does;1.0
concédés;1.0
supprimant;2.0
cumul;1.0
rémunération;1.0
gestion;1.0
administratif;3.0
financière;1.0
garde;1.0
sceau;1.0
musée;1.0
légion;1.0
commi;1.0
définitif;1.0
économie;1.0
assetitiment;1.0
destiné;1.0
réalisation;1.0
rassemblement;2.0
verdun;1.0
sellier;5.0
réduction;2.0
loyer;2.0
immeuble;2.0
locaux;1.0
emplacement;1.0
usage;1.0
commercial;2.0
industriel;5.0
artisanal;1.0
licite;3.0
égal;1.0
locative;1.0
imprimée;28.0
distribuée;29.0
criminelle;7.0
richard;10.0
ier;2.0
punir;1.0
livraison;1.0
enfant;8.0
modifiant;1.0
pénal;3.0
poif;1.0
prévue;1.0
aggraver;1.0
pénalité;1.0
déchéance;1.0
puissance;1.0
paternelle;1.0
lsscntiment;1.0
reviser;1.0
triage;3.0
préjudice;3.0
sscntiment;1.0
valoriser;1.0
rente;1.0
attribuées;1.0
détenu;1.0
pénitentiaires;1.0
gaillemin;6.0
maîtrise;1.0
internat;1.0
enseignement;1.0
beaux-arts;1.0
dignac;5.0
pourboire;1.0
guérin;6.0
plu;1.0
codification;1.0
douane;2.0
convention;2.0
commerciale;2.0
pluuieurs;1.0
parent;1.0
statut;1.0
banque;1.0
accession;1.0
naturalisé;1.0
autorisant;1.0
apposition;1.0
itéraud;1.0
proportion;2.0
rolts;1.0
femme;4.0
isitui-ation;1.0
opté;1.0
exécution;1.0
anco-allemand;1.0
descendant;1.0
tasj;1.0
libérer;1.0
ccrtaines;1.0
inégalité;1.0
frappent;1.0
nint;1.0
as-;1.0
entiment;1.0
de-m;1.0
achille;1.0
fould;4.0
propo;1.0
arïeht;1.0
tclatll;1.0
caporaux-chefs;1.0
cannr;1.0
soldat;2.0
quartier-maître;1.0
fekt;1.0
marin;6.0
eçu;1.0
riou;4.0
loftpln;1.0
améliorer;2.0
apii;1.0
ure;2.0
franl;1.0
ais;1.0
importateur;1.0
miel;2.0
exporter;1.0
délai;5.0
quatre-vingt-dix;1.0
duitc;1.0
vlne;1.0
sanction;3.0
provalente;1.0
équilc;1.0
propositi;1.0
ositioii;1.0
toncnt;1.0
pos;1.0
duval;5.0
ïositlnl;1.0
lélellahln;1.0
évaluation;1.0
ocatives;1.0
propriété;1.0
bâties;1.0
impôt;1.0
propositiori;1.0
csprosltion;1.0
nances;1.0
tional;1.0
reç;1.0
proposili;1.0
lo-;1.0
faciliter;1.0
maintien;1.0
erre;1.0
slh;1.0
léffisht;1.0
vile;2.0
assentrient;1.0
tdv;1.0
epqt;1.0
présidetit;1.0
inviterj;1.0
jrojet;1.0
déposer;4.0
jet;1.0
lni;1.0
moulin;1.0
eule;1.0
réglementation;3.0
imposée;1.0
mmoteries;1.0
impria;1.0
lon;1.0
lrpoltl;1.0
aar;1.0
cult;1.0
assurant;1.0
réadmission;1.0
homme;3.0
actif;2.0
accompli;2.0
période;1.0
boulet;5.0
gout;4.0
entreprendre;1.0
lutte;1.0
définitive;1.0
taudis;1.0
incorporant;1.0
-destinés;1.0
combattre;1.0
saines;1.0
îlot;1.0
insalubres;1.0
ville;2.0
hygiène;1.0
bref;1.0
système;1.0
proportionnelle;3.0
glrin;1.0
pain;1.0
lait;1.0
résoljition;1.0
commerçant;3.0
habitant;2.0
grève;2.0
délar;1.0
payement;2.0
commerce;4.0
industrie;1.0
soulier;5.0
retard;2.0
grande-bretagne;1.0
genève;1.0
italie;2.0
afrique;1.0
orientale;1.0
bonnet;5.0
eera;1.0
-envoyée;1.0
dariac;6.0
trémintin;1.0
officier;2.0
marinier;1.0
chef;6.0
sténographique;1.0
detot;1.0
pelletan;1.0
fhontiste;1.0
unité;3.0
prolétarienne;1.0
république;1.0
elmiger;3.0
désignation;1.0
candidature;3.0
permanente;1.0
vacance;3.0
arti;1.0
cle;1.0
action;3.0
désigné;7.0
remplacer;8.0
démissionnaire;8.0
répu-;1.0
blicaine;1.0
satineau;5.0
lebret;5.0
pringolliet;3.0
administration;11.0
départementale;2.0
communale;2.0
fieu;5.0
fié;8.0
radical;3.0
mareseaux;2.0
delzangles;5.0
nord;25.0
marty;5.0
considérées;1.0
ratifiées;1.0
insertijon;1.0
remis;1.0
insérés;1.0
officiel;4.0
conformoment;1.0
paragraphe;2.0
bedin;5.0
mpporteur;1.0
déparlement;1.0
basses-pyrénées;3.0
orthez;10.0
tixier;60.0
vignanco-ur;1.0
moutet;41.0
camou;1.0
seguet;1.0
maysonnave;1.0
casaubon;1.0
dergeras;1.0
réuni;3.0
procéd-é;1.0
fle;1.0
ciaprès;1.0
tixier-vignancour;27.0
recensement-;1.0
sortant;1.0
recommandée;1.0
jointe;3.0
man;7.0
uvres;7.0
frauduleuses;3.0
corruption;28.0
put;1.0
déterminer;2.0
mémoire;10.0
présentant;1.0
appuyé;1.0
justificatives;2.0
précité;1.0
accompagné;1.0
plèces;1.0
ignorez;1.0
ique;1.0
hpreuve;1.0
caractère;10.0
législateur;1.0
efforcé;1.0
diminuer;1.0
fréquence;1.0
jla;1.0
entourant;1.0
iyote;1.0
garantie;2.0
liberté;2.0
isof;1.0
loir;1.0
prime;4.0
ouvrir;1.0
resj;1.0
senti;2.0
dissimuler;1.0
curiosité;2.0
sceptique;1.0
priori;1.0
réalité;4.0
voulions;1.0
avoir-aucune;1.0
préconçue;1.0
formions;1.0
probant;1.0
conduire;1.0
maximun;1.0
cbjectivité;1.0
partir;1.0
éclairant;1.0
déposés;1.0
lépercussion;1.0
fraude;8.0
division;1.0
authenticité;7.0
véracité;5.0
délictueux;3.0
tcut;1.0
étudié;2.0
appréciation;3.0
déposition;13.0
relatant;1.0
opéré;1.0
affiche;1.0
coupure;1.0
rapportant;1.0
inventaire;1.0
signée;1.0
revêtues;1.0
dûment;1.0
légalisées;2.0
émane;1.0
reconnaît;2.0
transforme;1.0
ordïe;1.0
modèle;2.0
trait;2.0
ivéracité;1.0
fonde;2.0
corrupteur;11.0
sénateur;2.0
monde;1.0
connait;1.0
droiture;1.0
importent;1.0
ennemi;2.0
observerons;1.0
argument;1.0
sentiment;1.0
personnalité;1.0
ipermet;1.0
véra;1.0
portée;2.0
restantes;1.0
rupteur;1.0
infirme;2.0
brillant;1.0
notoriété;1.0
figurent;4.0
extorquées;1.0
persuasion;1.0
subside;1.0
malheureusement;1.0
apportée;1.0
reservée;1.0
souvent;2.0
fruste;1.0
spontané;1.0
paraissent;4.0
seuls;1.0
capables;1.0
conscience;1.0
libère;1.0
remord;1.0
parait;1.0
dirimant;1.0
contestait;1.0
fiar;1.0
conteste-t-il;1.0
ltleslations;1.0
postérieures;1.0
largement;1.0
antérieurs;1.0
autocritique;2.0
dégage;1.0
pré-;1.0
sentent;1.0
superflu;1.0
pousser;1.0
tplus;1.0
éprouvé;1.0
rvéracité;1.0
relevé;3.0
constituent;3.0
agis-;1.0
sements;1.0
entravant;1.0
nuire;2.0
analysé;1.0
chacune;1.0
apparu;1.0
kmis;1.0
reconnaissance;12.0
expressément;2.0
condamné;1.0
relation;1.0
tombent;1.0
agissement;1.0
tixier-vignancouf;1.0
jugé;2.0
il-ne;1.0
imputés;2.0
ombre;1.0
revanche;2.0
irréprochable;2.0
dians;1.0
tixier-vignancottr;1.0
rue;1.0
saint-gilles;1.0
remercie;1.0
cordialement;1.0
effort;1.0
fourni;1.0
diman-;1.0
che;1.0
emporterons;1.0
dimanche;10.0
indispensable;3.0
négliger;2.0
rassembler;2.0
perdre;1.0
nationaux;1.0
opposé;1.0
copier;1.0
émargement;1.0
travailler;3.0
susceptibles;2.0
conserver;1.0
voi;1.0
connaissez;2.0
ins-;1.0
crits;1.0
habi;1.0
ayez;2.0
obligeance;1.0
prénom;2.0
pourrions;1.0
voter;8.0
favorables;1.0
hésitation;1.0
ferons;1.0
adverses;1.0
surveiller;1.0
précision;2.0
utilisables;1.0
puissions;1.0
ulsposilions;1.0
soumettez-moi;1.0
susceptible;2.0
pgoureux;1.0
succès;1.0
compter;2.0
gratitude;1.0
signé;1.0
tixier-vignancom;1.0
irréprochables;1.0
associer;1.0
pouvons-nous;1.0
ptenlionnistes;1.0
déplace;1.0
majoille;1.0
candiat;1.0
remédier;2.0
abstention;1.0
tlxler-vignancour;1.0
cmoire;1.0
informer;1.0
abstentionnisles;1.0
rnais;1.0
rpiii;1.0
exagère;1.0
droj;1.0
conception;1.0
jugeons-nous;1.0
commentaire;1.0
inopportun;1.0
jjip;1.0
ajouterons;1.0
projette;2.0
teral;1.0
éqilivoques;1.0
votantj;1.0
alle;1.0
fàcitpn;1.0
éclaid;1.0
ulmt;1.0
presque;2.0
ortf;1.0
tent;1.0
postérieur;1.0
coïncidence;2.0
écrit;10.0
louet;1.0
dolosil;1.0
éch;1.0
pronrp;1.0
isolé;1.0
agissant;1.0
imhatlve;1.0
résultent;1.0
plan;1.0
hon;2.0
seillbl;1.0
im-;1.0
sidérée;1.0
cheuse;1.0
connir;1.0
nan;1.0
iso;1.0
cillent;1.0
tixiervignancour;2.0
constitue;1.0
biavite;1.0
échappera;2.0
vom;1.0
ieux;1.0
surcroît;1.0
lacune;1.0
iger;1.0
analyse;2.0
sufflsan;1.0
suîûsant;1.0
nni;1.0
one;1.0
double;1.0
éclairer;1.0
voepenùt;1.0
connaisan;1.0
religion;1.0
nnaissanrc;1.0
exacte;1.0
atteindre;1.0
but;2.0
sûre;1.0
objective;2.0
consistait;1.0
semble-t-il;1.0
grouper;1.0
volume;1.0
illustrant;1.0
type;3.0
engagement;1.0
spéciaux;1.0
permettront;1.0
fidélité;1.0
circonvenu;1.0
pacte;8.0
docteur;7.0
venu;3.0
domieije;1.0
offert;3.0
propagande;2.0
trouvaient;1.0
forgeron;1.0
délit;3.0
évident;2.0
semblable;2.0
diffère;1.0
varie;1.0
flr;1.0
jeu;1.0
quille;1.0
aubergiste;1.0
ipasse;1.0
nuit;1.0
précède;1.0
pourchasser;1.0
travers;1.0
concernent;4.0
fasse;1.0
varient;1.0
tristement;1.0
banales;1.0
vivent;1.0
offre;5.0
refuse;2.0
retire;1.0
abandonnant;1.0
billet;2.0
disant;1.0
honnête;1.0
lumière;1.0
sollicités;1.0
marqués;6.0
défendent;1.0
accepté;1.0
clôt;1.0
groupant;2.0
promesse;1.0
ranger;1.0
rubrique;1.0
intéressants;1.0
patronales;1.0
patron;3.0
propriétaire;5.0
terrien;2.0
entreprise;3.0
employé;3.0
accessoire;1.0
dominant;1.0
métayer;7.0
travaillant;3.0
journalier;1.0
aspect;1.0
citerai;1.0
typique;1.0
mlle;2.0
aborde;1.0
expiration;1.0
remet;4.0
figure;2.0
ncan;1.0
mêlé;1.0
distinctes;1.0
faudra;1.0
sorte-;1.0
saurai;1.0
dit-elle;1.0
clôturer;1.0
transporte;1.0
chantier;3.0
travaillent;1.0
carrière;3.0
salarié;1.0
congédié;1.0
sort;1.0
urne;1.0
sent;1.0
insister;1.0
dolosif;2.0
médecine;1.0
renfermer;1.0
cinqi;1.0
expert;2.0
médicales;1.0
agissent;1.0
visitent;1.0
pensionné;3.0
réformé;1.0
gratuits;1.0
tixiei;1.0
promet;2.0
cultivateur;2.0
rièce;1.0
aride;1.0
épingler;1.0
cell;1.0
ligure;1.0
midi;1.0
uiu;1.0
automobile;6.0
arrêtée;1.0
descendus;1.0
voiture;2.0
médecin;10.0
remplaçant;1.0
est-notre;1.0
habituel;1.0
chauffeur;1.0
veni;1.0
cherclice;1.0
frère;3.0
malade;1.0
impossibilité;1.0
jambe;1.0
verre;1.0
vin;1.0
chaud;1.0
sucré;1.0
visiteur;1.0
habillaient;1.0
chaussaient;1.0
eus;1.0
raser;1.0
empêchèren;1.0
disai;1.0
portèrent;1.0
route;1.0
remirent;1.0
carte;1.0
pliée;1.0
dirent;1.0
enverraient;1.0
lendemain;1.0
gratuitement;2.0
remède;1.0
complète;1.0
guérison;1.0
reconnu;2.0
arrivée;1.0
uton;1.0
obi;1.0
cite;1.0
drapier;1.0
usurpation;1.0
urante;1.0
songe;1.0
jouis;1.0
piuï;1.0
docteu;1.0
vrai;1.0
deiiviait;1.0
uii;1.0
certificat;2.0
médical;2.0
attestant;1.0
vieillard;2.0
signe;10.0
congestion;1.0
pulmonaire;1.0
chronique;1.0
misère;1.0
physiologique;1.0
paraissait;1.0
benéîicier;1.0
incurables;1.0
lue;1.0
trafic;4.0
élèvent;1.0
domesti;1.0
votais;1.0
apercevais;1.0
éloignais;1.0
mairie;8.0
remit;1.0
suivit;1.0
obligea;1.0
yent;1.0
flagrante;1.0
conseiller;1.0
magistrat;2.0
noa;1.0
ili;1.0
apparaissent;1.0
user;2.0
assistance;2.0
médicale;3.0
gratuite;2.0
inenace;1.0
cantonnier;1.0
voit;1.0
menacé;1.0
caractéristique;1.0
empruntent;1.0
singulière;1.0
genre;2.0
trésorier;5.0
agricole;4.0
retenue;2.0
cantonale;1.0
convoque;1.0
emprunteur;2.0
ditil;1.0
publiques;3.0
feraient;1.0
faillite;3.0
ajouté;1.0
emprunté;1.0
avisés;1.0
exerçant;1.0
attire;2.0
gravité;1.0
répercussion;1.0
regretter;1.0
intempestive;1.0
-qui;1.0
provoque;1.0
troubler;1.0
garant;1.0
proteste;1.0
percepteur;3.0
admirateur;1.0
dorgères;2.0
protagoniste;1.0
pensant;1.0
imputation;1.0
adires;1.0
fpercepteur;1.0
définit;1.0
théorie;1.0
connue;1.0
café;1.0
violent;2.0
attroupé;1.0
auditoire;1.0
teneur;1.0
essentielle;1.0
prend;1.0
révolution;1.0
passera;1.0
événement;1.0
espagne;1.0
évasion;1.0
capital;2.0
pourront;1.0
vivre;1.0
faute;1.0
possédant;1.0
blum;5.0
train;1.0
rouler;1.0
acheter;1.0
suisse;1.0
château;1.0
ferait;2.0
sécurité;2.0
duré;1.0
auditeur;1.0
ipeu;1.0
douzaine;1.0
attroupèrent;1.0
rapidement;1.0
atteignirent;1.0
incidence;2.0
activité;1.0
malencontreuse;1.0
jugerez;1.0
influencer;1.0
quelques-uns;1.0
assistaient;1.0
meeting;1.0
improvisé;1.0
reprochée;2.0
relevant;1.0
préfecture;1.0
seine;43.0
directeur;1.0
eentre;1.0
familial;2.0
placement;2.0
parisien;1.0
région;1.0
résumé;1.0
nourriciers;3.0
confiés;1.0
votent;1.0
reçoivent;1.0
pour-;1.0
nourriture;1.0
au-dessous;1.0
habit;1.0
-étant;1.0
fournis;1.0
spéeial;1.0
condensé;1.0
comprennent;1.0
tpression;1.0
représaille;2.0
touchent;2.0
intéressent;1.0
reproche;1.0
immédiat;1.0
entourage;1.0
reprochés;1.0
adressé;1.0
samedi;2.0
télégraphique;1.0
nommément;1.0
préchacq;1.0
josbaigt;1.0
navarrenx;1.0
prétend;1.0
permanence;1.0
officine;1.0
regrettable;1.0
utile;1.0
infirmer;1.0
directement;1.0
venons;1.0
sèche;1.0
douter;1.0
mesurer;1.0
obligent;1.0
remarque;1.0
corrompu;1.0
violer;1.0
exécu;1.0
lion;2.0
corrélation;1.0
marqué;4.0
frappe;1.0
espoir;2.0
décourager;1.0
due;1.0
crainte;1.0
cor-;1.0
ruption;1.0
comporte;1.0
nécessairement;1.0
indice;3.0
notez;1.0
infiniment;1.0
découvrir;1.0
oubliez;2.0
dis-;1.0
crets;1.0
éveiller;1.0
prévenu;1.0
ap-;1.0
parence;1.0
insignifiante;1.0
recon-;1.0
naîtra;1.0
insolite;3.0
découvre;2.0
plié;5.0
sachet;2.0
pharmacien;2.0
chaloupe;2.0
chapeau;1.0
gendarme;1.0
cocotte;2.0
éventail;1.0
cigarette;2.0
accordéon;2.0
uvre;1.0
original;1.0
facétieux;1.0
originalité;1.0
assesseur;1.0
signalent;1.0
total;5.0
impressionnant;1.0
sui;1.0
indiqués;1.0
pièc;1.0
bulletis;1.0
pliage;2.0
connut;1.0
filiez;1.0
ftërenx;1.0
facadce;1.0
manncplaa;1.0
mourenx;1.0
jjpazon;1.0
abondance;1.0
exercée;3.0
intensité;1.0
remarquez;1.0
inhabituelle;1.0
berenx;1.0
jugeant;2.0
explicite;1.0
utilisé;1.0
encoa;1.0
manuscrite;1.0
normaux;2.0
pourvues;1.0
utiliser;1.0
manuscrit;2.0
perlettre;1.0
corrompus;1.0
mention;1.0
hverss;1.0
épinglé;1.0
soigneusement;1.0
différenciés;1.0
biffés;1.0
horizontale;1.0
croisillon;1.0
hachure;1.0
tantôt;2.0
bas;2.0
enom;1.0
ixler-;1.0
vignancour;2.0
attiré;1.0
rocès-verbal;1.0
bonnut;3.0
yant;1.0
aru;1.0
ije;1.0
kenre;1.0
résulta;1.0
suommune;1.0
ureau;1.0
réserv;1.0
dout;1.0
paraissaient;1.0
lluléux;1.0
anïiuuq;1.0
jtamenant;1.0
clamatlon;1.0
onnut;1.0
eomnort;1.0
earactéristiques;1.0
tixier-vignaneour;1.0
paiorl;1.0
atc;1.0
écriture;6.0
capitale;1.0
seg;1.0
maisonnave;1.0
segu-et;1.0
impriiiiés;1.0
dcf;1.0
pier;1.0
hlatn;1.0
tixier-;1.0
paat;1.0
ome;1.0
ecriture;1.0
rayés;2.0
papier;3.0
format;2.0
troublant;1.0
augmentation;3.0
pout;2.0
expliquer;1.0
octogone;1.0
laas;2.0
libellée;1.0
portent;1.0
valables;1.0
ramené;1.0
présentent;1.0
manifeste;3.0
arthez;3.0
réservé;1.0
rédaction;1.0
bateau;1.0
rectangle;1.0
lacq;1.0
moindre;1.0
rature;1.0
encre;4.0
bleu;2.0
souligné;2.0
laa-mondrans;1.0
rayé;3.0
remplacé;4.0
mont-lagor;1.0
im-i;1.0
primés;1.0
recen;1.0
sement;1.0
lixier;2.0
bastanés;1.0
joint;1.0
prc-;1.0
cès-verbal;1.0
taché;2.0
at-;1.0
tribués;1.0
comptés;1.0
norté;1.0
rectifiés;2.0
lanneplaa;2.0
au-dessus;1.0
identiquement;1.0
triangle;1.0
barque;1.0
portefeuille;1.0
sauveterre;1.0
caresse;1.0
graisse;1.0
saint-dos;1.0
cescau;1.0
louvigny;1.0
totalisons;1.0
indiquées;1.0
obtenons;1.0
tort;1.0
connaissons;1.0
ajoutez;1.0
matériellement;1.0
populeux;1.0
agglomération;2.0
comprend;1.0
jugée;1.0
vignancouir;1.0
écartée;1.0
convaincre;2.0
souhaite;1.0
bénéficiaire;3.0
délictueuses;1.0
certainement;1.0
changer;2.0
permet;1.0
emporte;1.0
salis;1.0
offrir;1.0
marge;1.0
suffisante;2.0
effectives;1.0
poserait;1.0
eussiez;2.0
résolue;1.0
renvoyant;1.0
résolu;1.0
confirmant;1.0
grandeur;1.0
comparables;1.0
sérénité;1.0
concernaient;1.0
favorable;1.0
tvor;1.0
tixiermais;1.0
rural;2.0
comprenant;1.0
suffit;1.0
déplacement;2.0
groupés;1.0
rencontrés;1.0
excessif;1.0
déplacée;1.0
songez;3.0
imposer;1.0
conclus;1.0
exécutés;1.0
probable;1.0
appréciez;1.0
municipaux;2.0
disposant;1.0
croyant;1.0
largesse;1.0
trésor;1.0
clamant;1.0
prochaine;1.0
habitent;1.0
considérez;1.0
famililal;1.0
ressort;1.0
surexperts;1.0
quoiqu;1.0
légitimement;1.0
ambiguïté;1.0
équivoque;1.0
déclencher;1.0
faux;1.0
verdict;1.0
serez;1.0
surpris;1.0
accroître;1.0
lre;2.0
electeurs;2.0
déduire;4.0
sévère;7.0
victor;1.0
lapompe-paironne;1.0
emmanuel;5.0
blssol;1.0
léopold;1.0
paironne;1.0
bissol;1.0
parola;1.0
sèvère;1.0
puté;1.0
justifié;2.0
éligibilité;2.0
requises;2.0
rapportcur;1.0
lagrosillière;7.0
julienne-caffié;1.0
linval;2.0
if;1.0
julienne-carné;1.0
binet;1.0
écrites;3.0
sommairement;1.0
rédigées;1.0
imprimées;1.0
léponses;1.0
minisirest;1.0
faculté;1.0
vintérût;1.0
fflfhdre;1.0
clarnent;1.0
dément;1.0
lzstc;1.0
mjnistère;1.0
auxaii;1.0
lementaire;1.0
bousquet;6.0
mutuel;1.0
acheté;1.0
négociant;1.0
mende;1.0
unmeuble;1.0
affirmave;1.0
acquisition;1.0
ledtobien;1.0
vendeur;1.0
chambonnet;4.0
deque;1.0
dtt;1.0
exportation;2.0
beurre;3.0
amenée;1.0
kilogramme;1.0
surpiirne;1.0
ùrles;1.0
présenteraient;1.0
coof;1.0
ralves;1.0
ernler;1.0
pûrtements;1.0
polyculture;1.0
bénéfiaucun;1.0
coou;1.0
ive;1.0
laitier;1.0
delllailde;1.0
agricutture;1.0
exaot;1.0
ïéeim;1.0
udiouanier;1.0
peau;1.0
lapin;1.0
hïodifi;1.0
cau-;1.0
ulîf;1.0
oc-;1.0
cupent;1.0
ramassage;2.0
friage;1.0
reaux;1.0
education;1.0
ïttandftl;1.0
ernest;7.0
denate-;1.0
éducation;2.0
natiohaie-;1.0
intérimaire;2.0
effectif;3.0
dorl;1.0
slagiiloeutcs;1.0
sta;1.0
iaipf;1.0
clt;1.0
classée;1.0
intéric;1.0
pourvus;1.0
natio;1.0
classées;1.0
intéridélé;1.0
remphssant;1.0
tasïaires;1.0
ornpte;1.0
aneieinneté;1.0
queli;1.0
obtention;1.0
intécliquécc;1.0
remplissant;1.0
piainje;1.0
adnen;1.0
dar;1.0
adrien;5.0
difimande;1.0
budgétaires;1.0
ctes;1.0
foncières;1.0
prop;1.0
riétés;1.0
bâ-;1.0
daul;3.0
colfeèfl;1.0
-cons;1.0
itat;1.0
reconilitissarlt;1.0
régional;1.0
dnpj;1.0
mage;1.0
uerre;1.0
reconstitution;1.0
itf;1.0
strasbourg;1.0
béi;1.0
ïritéf;1.0
rnn;1.0
ertu;1.0
recouvrés;1.0
iloi;1.0
çctoibre;1.0
injustifié;1.0
prévus;1.0
cesse;1.0
coopérative;2.0
ic-e;1.0
adhérent;1.0
monnaie;3.0
aluminium;1.0
dévaluée;1.0
sert;1.0
payer;1.0
exclusivement;1.0
rembourse;1.0
légale;1.0
emile;23.0
massé;10.0
cédées;1.0
arrêtées;1.0
tuberculeux;1.0
emiie;1.0
perrein;4.0
obligatoires;1.0
rémunérés;1.0
ancienneté;3.0
concourir;1.0
détermination;2.0
raymond;21.0
susset;4.0
finanoes;1.0
année;5.0
flnaricfe;1.0
temporaires;1.0
titularisation;1.0
envisage;1.0
pied-d;1.0
égalité;1.0
entrés;1.0
titularisés;1.0
thiolas;5.0
pages-;1.0
provision;4.0
comptabilité;4.0
face;1.0
taxe;4.0
instituée;1.0
août;2.0
provenant;1.0
servant;1.0
base;6.0
rétroactif;1.0
comptabilisée;1.0
afférente;1.0
collectivité;1.0
débités;1.0
bilan;1.0
revient;1.0
servir;1.0
intégral;1.0
terminés;1.0
supporter;1.0
réalisés;1.0
ressortant;1.0
totalité;1.0
recette;1.0
encaissées;1.0
facteur;2.0
faiilite;1.0
mari;1.0
garnison;1.0
ef-;1.0
fectif;1.0
budgétaire;1.0
gardien;1.0
centrale;1.0
effectivement;1.0
offertes;1.0
saint-venant;4.0
référant;1.0
insérée;1.0
gestionnaire;1.0
magasin;1.0
central;1.0
lille;1.0
tendent;1.0
jan-;1.0
vier;1.0
afférent;1.0
comptait;1.0
augmentés;1.0
bonification;1.0
promu;1.0
hors-classe;1.0
reconstituer;1.0
réputée;1.0
accomplir;1.0
régu-i;1.0
lièrement;1.0
reclassé;1.0
lel;1.0
arnol;3.0
annuellement;1.0
greffier;3.0
instance;1.0
gré;1.0
refuser;2.0
expédition;1.0
jugement;1.0
greffe;2.0
chouffet;1.0
hâter;1.0
recours;2.0
sursis;1.0
chancelier;1.0
comportent;1.0
inexactes;1.0
rapprochement;1.0
desdites;1.0
finalement;1.0
insérées;1.0
et-;1.0
surplus;1.0
manifestement;1.0
inspirées;1.0
vouées;1.0
entachées;1.0
détournement;1.0
lussy;5.0
nationalité;4.0
mère;1.0
mariage;1.0
solutionnées;1.0
jury;2.0
récupérer;1.0
dudit;1.0
paix;1.0
exiger;1.0
justiciable;1.0
remettent;1.0
couvrir;2.0
exigée;1.0
enregistrement;1.0
antoine;5.0
dubon;5.0
expose;5.0
dame;1.0
élevé;2.0
décédé;1.0
ascendant;2.0
incorporation;1.0
telegraphes;2.0
telephones;1.0
télégraphe;5.0
châteauneuf-derandon;1.0
lozère;1.0
après-midi;1.0
courrier;3.0
delvexet;1.0
ueauneuf;1.0
distribués;1.0
châteauneuf;1.0
receveur;1.0
châteauneut-dc-randon;1.0
distributeur;1.0
sante;1.0
santé;1.0
hospitalier;1.0
resté;1.0
approuvée;1.0
communal;1.0
économe;1.0
jouira;1.0
assurerait;1.0
uin;1.0
daher;4.0
usine;4.0
confédération;1.0
tomme;1.0
syndicat;1.0
direction;1.0
protéger;1.0
artisanat;1.0
chaussure;2.0
exploi-;1.0
détaillant;2.0
non-arlisan;1.0
exploite;1.0
atelier;2.0
fermer;1.0
artisan;2.0
définition;4.0
contribution;2.0
directes;2.0
métier;1.0
complétée;1.0
complétant;1.0
maître;1.0
cordonnier;1.0
machine;1.0
coudre;1.0
mue;1.0
pied;1.0
occupe;1.0
aider;1.0
construire;1.0
maison;1.0
mulilé;1.0
invalidité;1.0
reversement;1.0
cayrel;5.0
recevant;1.0
fixe;1.0
exclusion;1.0
professicnnelle;1.0
considérés;1.0
daille;4.0
générateur;3.0
récipient;1.0
vapeur;1.0
eau;2.0
fonctionnant;1.0
registre;4.0
entretien;1.0
visite;1.0
intérieures;1.0
extérieures;1.0
notées;1.0
suffire;1.0
fiche;1.0
donnant;1.0
commode;1.0
classer;1.0
distance;1.0
parcours;1.0
wyageurs;1.0
transportée;1.0
bagage;2.0
voyage;1.0
kilomètre;1.0
voyageur;1.0
payent;1.0
moto;2.0
encombrante;1.0
pèse;1.0
moitié;1.0
touriste;2.0
motocycliste;1.0
automobiliste;1.0
négative;3.0
opposent;1.0
ecrites;1.0
telephona;1.0
postés;1.0
remariée;1.0
toucher;1.0
remariage;1.0
postérieurement;1.0
admissiop;1.0
gardiol;4.0
quel-;1.0
régit;2.0
numi-;1.0
régularisées;1.0
détriment;1.0
tableau;1.0
mutation;1.0
dérogation;3.0
conjoint;1.0
roustan;1.0
una;1.0
résidence;2.0
attachant;1.0
-ou;1.0
affectation;1.0
excédent;1.0
invoquées;1.0
motivent;1.0
thorez;5.0
dernièrement;1.0
ambulant;2.0
parisguéret;1.0
leu;1.0
auparavant;1.0
paris-limoges;1.0
supprimée;1.0
affecté;1.0
paris-guéret;1.0
nouvellement;1.0
tifiés;1.0
erratum;1.0
colonne;2.0
insérer;1.0
nouvel;1.0
majorer;1.0
solde;1.0
jeudi;1.0
adop;1.0
allemane;4.0
audeguil;2.0
barbier;4.0
barel;4.0
bartolini;4.0
deauvillain;1.0
béchard;2.0
bèche;3.0
beltrémieux;4.0
benenson;4.0
bergery;4.0
berlia;3.0
berlioz;3.0
billoux;4.0
biondi;3.0
blachet;1.0
bloc;1.0
bloncourt;4.0
bonte;1.0
bouhey;4.0
boulay;3.0
itienri;1.0
saôneet;1.0
-loire;1.0
brout;3.0
buisset;3.0
cadot;2.0
camel;3.0
camus;3.0
capron;3.0
castanez;1.0
catelas;3.0
chateau;3.0
mme;1.0
chaussy;3.0
cogniot;3.0
colin;3.0
cornavin;3.0
cossonneau;2.0
cristofol;2.0
dadot;2.0
debrégéas;2.0
declercq;4.0
dmusois;1.0
dereuse;3.0
dubais;1.0
oran;4.0
lande;3.0
dubosc;6.0
dupont;11.0
eure;9.0
dupré;4.0
dutilleul;1.0
esparbès;3.0
fajon;4.0
fouchard;3.0
fourrier;4.0
froment;4.0
garcheryl;1.0
gernez;4.0
gitton;3.0
grésa;4.0
gros;3.0
arsène;4.0
grumbaeh;1.0
guerret;2.0
aiiiedéc;1.0
hollande;3.0
honel;2.0
iiucbcr;1.0
hussel;1.0
izard;3.0
meurthe-et-moselle;6.0
jordery;3.0
lambin;3.0
langumier;2.0
lareppe;3.0
larguier;2.0
aimé;4.0
laurent;4.0
augustin;7.0
laznrick;1.0
corr-e;1.0
lefèvre;4.0
lévy;3.0
loubividou;1.0
lozcray;1.0
brut;1.0
maffray;3.0
majurel;4.0
malroux;4.0
léon;23.0
isère;7.0
mennecier;4.0
mercier;4.0
meunier;4.0
indreet-loire;4.0
michels;4.0
midol;3.0
monmousseau;4.0
môquet;2.0
morin;4.0
ferdinand;4.0
mouton;4.0
musmeaux;3.0
naphle;2.0
nicod;4.0
nouelle;4.0
paulin;4.0
périn;3.0
nièvre;4.0
peschadour;4.0
philip;4.0
philippot;4.0
piginnier;4.0
pillot;4.0
aliter;1.0
plard;4.0
prachay;3.0
prigent;3.0
tanguy;4.0
prot;4.0
quinet;3.0
quinson;4.0
ravanat;2.0
régi;1.0
ritla;1.0
rigal;4.0
rive;4.0
roche;6.0
roumajon;4.0
rous;4.0
pyrénées-orientales;4.0
roux;6.0
françois;16.0
saôneet-loire;4.0
saint-martin;4.0
seapini;1.0
sibue;3.0
silvestre;3.0
soula;4.0
teliier;1.0
alphonse;5.0
ssier;1.0
thonon;4.0
tillon;4.0
nchard;1.0
valat;4.0
gard;4.0
vantielcke;3.0
vardelle;2.0
vazeillcs;1.0
villedieu;2.0
zunino;4.0
mim;1.0
aillières;4.0
alberlini;1.0
auguste;8.0
hérault;7.0
antier;4.0
aramon;4.0
archimbaud;4.0
aubert;5.0
audiffret-pasquier;2.0
aveline;4.0
raequet;1.0
bardoul;4.0
emeranù;1.0
baréty;4.0
baron;8.0
etienne;4.0
tarnet-garonne;4.0
baud;4.0
jura;4.0
baudouin-bugnet;4.0
bazin;4.0
beauguille;1.0
beaumont;4.0
becquart;4.0
etranger;1.0
bernex;4.0
bernier;4.0
berthézenne;3.0
bosse;1.0
biélrix;2.0
blaisol;1.0
bossoulrot;1.0
boucher;4.0
bouisson;4.0
bouches-du-rhône;6.0
bouissoud;4.0
saône-et-loire;5.0
bousgarhiès;1.0
brarlrard;1.0
brille;3.0
burgeot;4.0
lîni;1.0
buyat;3.0
cabanis;3.0
cadk;1.0
candace;4.0
carron;3.0
savoie;8.0
castel;4.0
catalan;3.0
gers;4.0
chgmbonnet;1.0
champeaux;4.0
chaulin-servinière;3.0
chiappe;4.0
chicherv;1.0
clermont-tonnerre;2.0
cointre-au;1.0
colomb;4.0
vienne;8.0
compayré;3.0
coquillaud;4.0
coral;4.0
courson;4.0
creyssel;2.0
crillel;1.0
bouches-durhône;3.0
baille;1.0
daroux;3.0
decréquy;4.0
delabie;3.0
delaunay;3.0
delco;4.0
denais;4.0
denis;4.0
desbons;4.0
hautes-pyrénées;1.0
deschanel;2.0
deraud;1.0
dommallge;1.0
duault;4.0
cùtes-du-nord;1.0
duboys;4.0
fresney;4.0
duchcsnc-fournet;1.0
ducos;3.0
ilippolyte;1.0
alphomc;1.0
frédéric;4.0
dupuis;4.0
armand;4.0
oise;4.0
dupuy;4.0
inde;4.0
val;2.0
elsacsser;1.0
enjalbert;2.0
escartetlg;1.0
fauchou;1.0
manche;4.0
férin;4.0
fernand-laurent;4.0
fiori;4.0
fourcault;3.0
framond;4.0
déjeuner;1.0
frot;4.0
fully;2.0
galandou-diouf;4.0
galimand;3.0
marius;5.0
gapiand;3.0
gaston-gérard;4.0
gaurand;3.0
gellie;4.0
gironde;4.0
genty;3.0
seine-infé;1.0
rieure;1.0
gerente;4.0
gillet;4.0
ginet;4.0
girault;4.0
grandmaison;5.0
guastavino;3.0
guichard;2.0
gnidet;1.0
ullûng;1.0
lleid;1.0
iirnriot;1.0
hervé;4.0
ihuel;4.0
inizan;3.0
lsnards;1.0
jacquinot;4.0
jolv;2.0
jonas;3.0
juigné;4.0
marquis;12.0
lafaye;3.0
ferronnays;4.0
groudière;4.0
myre-mory;3.0
laniel;3.0
lossalle;1.0
laurcns;1.0
iloiret-cher;2.0
bail;4.0
lecacheux;4.0
grandmaisor;1.0
pévedic;2.0
poullen;3.0
leroy;4.0
levisque;1.0
lohéac;4.0
luart;4.0
lucas;4.0
lyrot;4.0
iacouin;1.0
iillric;1.0
manent;4.0
gaston;12.0
marehandeau;1.0
marescaux;2.0
marquet;4.0
iiautesavoie;1.0
françois-martin;3.0
aveyron;6.0
puyde-dôme;4.0
masteau;3.0
thé;2.0
mauguière;2.0
mcllenne;1.0
mendes-francc;1.0
mendiondou;4.0
meyer;4.0
michard-pellissier;4.0
haute-loire;4.0
côtes-;1.0
du-nord;1.0
lier;1.0
mit;1.0
moncellc;1.0
monfort;3.0
monnervillc;1.0
montaigu;3.0
der;2.0
montel;4.0
morane;4.0
morcau;1.0
mourcr;1.0
moustier;3.0
deï;1.0
nader;3.0
naudin;4.0
palmadc;1.0
parmenticr;2.0
pascaud;4.0
patenôtre;4.0
pécherot;3.0
peissel;3.0
pelié;1.0
perfctti;1.0
perreau-pradier;3.0
perreln;1.0
maine-et-loire;2.0
perrin;4.0
perrot;4.0
pelsche;2.0
peugeot;3.0
pezeh;1.0
piél-ri;1.0
pinault;3.0
pinelli;2.0
pitois;3.0
plichon;3.0
polignac;3.0
polimann;3.0
pomarct;1.0
ponsard;3.0
potut;3.0
provost;3.0
fardinière;2.0
quenelle;1.0
hcnuilour;1.0
rcynaud;1.0
robbe;2.0
rocca-scrra;1.0
hautemarne;3.0
holinat;2.0
roulleaux;3.0
dugagc;1.0
saint-pern;3.0
saudubray;3.0
saurin;3.0
jamrny;1.0
schmidt;4.0
sel;1.0
sellz;2.0
serandour;4.0
scrda;1.0
moseue-;1.0
suzannet;3.0
taitliner;1.0
talandier;3.0
tau-dière;1.0
temple;4.0
thibon;3.0
ïhiébaut;1.0
thorp;4.0
hcné;1.0
pouët;4.0
tranchand;4.0
treminlin;1.0
valentm;1.0
oieurthe-ct-l;1.0
seue;1.0
valet;1.0
te-viallard;1.0
adolphe;4.0
wallach;3.0
wiedemann-g;1.0
oiran;1.0
willzcï;1.0
ybarnégaray;1.0
albertin;3.0
fabien;3.0
arbcllicr;1.0
aubaud;4.0
auriol;4.0
barbot;4.0
basses-alpes;4.0
barthélémy;2.0
hasquin;1.0
bastid;4.0
cilntûl;1.0
bastide;4.0
veyron;1.0
baudry;4.0
beaugrand;3.0
bedouce;3.0
benoist;4.0
bérenger;4.0
eure-et-loir;4.0
héron;1.0
besnard-ferron;3.0
bezos;4.0
bibié;4.0
maxence;5.0
blancho;4.0
loire;8.0
inférieur;5.0
blanchoin;4.0
maine-etloire;3.0
bondoux;4.0
boudet;4.0
boux;4.0
casson;4.0
briquet;3.0
fia;1.0
brunet;4.0
drôme;2.0
hurlin;1.0
cabannes;2.0
campargue;3.0
campinchi;3.0
cautru;4.0
chasseigne;3.0
cllouffct;1.0
claudet;3.0
collomp;3.0
yar;1.0
cat;1.0
courrent;4.0
courtehoux;4.0
croizat;2.0
crouan;4.0
dahlet;3.0
daladier;3.0
david;4.0
iiaute;1.0
ronne;1.0
delattre;2.0
dclbos;1.0
yvon;3.0
do-r;1.0
dogne;1.0
delom-sorbé;4.0
dcschizcaux;1.0
deudon;4.0
dezarnaulds;4.0
diesbac-h;1.0
dormoy;4.0
seincet-oise;1.0
petrus-;1.0
forcinal;2.0
gaou;4.0
gasparin;3.0
gélis;3.0
gentin;4.0
aube;3.0
gouin;4.0
gounin;4.0
charcnter;1.0
goussu;3.0
gucrnier;2.0
ilarcourt;2.0
duc;8.0
llauet;1.0
hyrnans;1.0
isore;2.0
pas-de-calais;4.0
jardillier;4.0
jaubert;3.0
jule-s;1.0
julien;4.0
lachal;3.0
lag;1.0
ran;1.0
lartie;1.0
lardier;4.0
laroche;3.0
lasteyrie;4.0
lebas;4.0
ledoux;4.0
lejeune;3.0
lapis;1.0
troquer;4.0
lévy-alphandéry;4.0
hévéder;2.0
liautcv;1.0
longuet;4.0
théophile;4.0
lucchini;2.0
luquot;4.0
maës;4.0
magnan;4.0
mandel;4.0
georaes;1.0
marie;4.0
iseine;1.0
mass;1.0
manger;1.0
mazerand;4.0
menier;3.0
monnet;4.0
montigny;3.0
muret;4.0
nachon;2.0
pageot;3.0
parayre;5.0
parsal;4.0
pinay;3.0
plancke;4.0
gabriel;4.0
pourtalet;4.0
ramadier;3.0
raux;4.0
rauzy;3.0
hcille-soult;1.0
réthoré;1.0
deuxsèvres;3.0
rivière;3.0
rochereau;3.0
roldes;4.0
maxenccr;1.0
romastin;3.0
roucayrol;4.0
hubert;4.0
rouger;4.0
roy;3.0
rucart;3.0
saint-just;3.0
nt-yenant;1.0
salengro;2.0
salette;4.0
saussot;4.0
sérol;4.0
serre;4.0
spinasse;3.0
stürmei;1.0
susses;1.0
tasso;4.0
tessan;3.0
theflier;1.0
thiéfaine;3.0
thivrier;4.0
tribaliet;1.0
tristan;4.0
vaijlandet;1.0
valentire;1.0
qtaries;1.0
ère;1.0
vallat;3.0
xftvjer;1.0
vassal;4.0
vaur;3.0
vidai;1.0
yienot;1.0
voirin;4.0
zay;4.0
absent;5.0
haute-saône;4.0
flandin;3.0
pierreetienne;2.0
fros;1.0
sard;1.0
mallarmé;4.0
ilerriot;3.0
présidait;4.0
chouttet;1.0
momentanément;1.0
verté;1.0
majoritë;1.0
adoptiqn;1.0
dee;1.0
bacquet;2.0
badie-;1.0
emerand;3.0
avcyron;1.0
blaisot;3.0
bonnevay;2.0
bousgarbiès;3.0
bret;2.0
burrus;2.0
cndic;1.0
chatutin-smviriere;1.0
clermon;1.0
t-tonnerre;1.0
cointreau;3.0
crcyssei;1.0
bouche;1.0
s-durhône;1.0
delaunav;1.0
pyrénées-orieiitales;1.0
filantes-pyrénées;1.0
des-chael;1.0
devaud;3.0
diesbach;3.0
dommange;2.0
côt;1.0
s-du-nord;1.0
duchesne-fournet;2.0
etmiger;1.0
enialbert;1.0
fauchon;3.0
genti;1.0
seine-infél;1.0
ieure;1.0
gratâ;1.0
heid;2.0
llenriot;1.0
lléraud;1.0
isnards;3.0
joly;2.0
grandmaisofi;1.0
pévcdic;2.0
poull-cn;1.0
lev;1.0
sque;1.0
macouin;3.0
ilatttesavoie;1.0
massot;3.0
mathé;2.0
dey;1.0
jcany;1.0
moreau;3.0
pellé;1.0
piétri;1.0
farcst;1.0
nière;1.0
quenette;3.0
rocca-serra;2.0
ducage;1.0
sallès;2.0
scapini;3.0
selle;1.0
tailtinger;1.0
taudière;3.0
tixier-vignan;1.0
tréminlin;2.0
najenlin;1.0
meurthe-ct;1.0
foselle;1.0
ûllat;1.0
xavier;3.0
ett;1.0
e-y-iallard;1.0
ybarnég;1.0
ray;1.0
bouches-du-rhun;1.0
nol;1.0
aurlèguii;1.0
beauvillain;3.0
iaxence;2.0
diomi;1.0
blanchet;2.0
dossoutrot;1.0
brachard;2.0
mcn;1.0
burtin;2.0
castagnez;2.0
mrao;1.0
chauffet;1.0
costes;2.0
dildot;1.0
belattre;1.0
demusois;3.0
deschizeaux;3.0
dubois;3.0
land;1.0
seine-;2.0
hippolyte;3.0
érin;1.0
garchery;3.0
cardiol;1.0
charente;3.0
grumbach;2.0
guidet;3.0
amclléc;1.0
lionei;1.0
llueber;1.0
llusscl;1.0
liymans;1.0
lapie;2.0
larguicr;1.0
lassalle;2.0
laurens;2.0
loiret-cher;2.0
lazurick;3.0
corrc;1.0
l-évy;1.0
iievéder;1.0
loubradou;2.0
lozeray;3.0
lucc;1.0
hini;1.0
marchandeau;2.0
marraine;1.0
masson;3.0
meuèmne;1.0
côtesdu-nord;3.0
mitton;3.0
monnerville;3.0
imùquet;1.0
pcrfetti;1.0
pomaret;3.0
quinct;1.0
llame;1.0
havanat;1.0
hcnailour;1.0
hélhoré;1.0
houx;1.0
scloîcr;1.0
teiiier;1.0
alphonsc;1.0
tessier;3.0
tuuchard;1.0
triballet;3.0
valière;3.0
vanlicleke;1.0
vazeilles;2.0
albertini;3.0
arhellier;1.0
audiflret-pasquier;2.0
barthélemy;2.0
basquin;3.0
cantal;3.0
beauguitte;3.0
bcdouce;1.0
béranger;3.0
bcrlia;1.0
béron;3.0
bcsnard-ferron;1.0
saôneet-lojre;1.0
iiéraull;1.0
briouet;1.0
caban;1.0
nés;1.0
chichery;3.0
var;3.0
cot;2.0
ctutel;1.0
delbos;3.0
dordogne;2.0
escarléflgue;1.0
pelrus;1.0
forcinail;1.0
gaparin;1.0
gillon;1.0
ilauet;1.0
fsore;1.0
jules;3.0
lagrange;3.0
lejcune;1.0
lestapis;3.0
liauley;1.0
mabrut;3.0
mauger;3.0
menicr;1.0
tayet;1.0
mldol;1.0
mistler;1.0
ioncelle;1.0
palmade;3.0
maine-el-loire;1.0
petsche;1.0
prachav;1.0
piïgent;1.0
néis;1.0
reynnud;1.0
riiïaterre;1.0
notinal;1.0
salcngrd;1.0
jammy;3.0
serda;3.0
stuimel;1.0
thiébaut;3.0
vaillandet;2.0
valentin;5.0
vidal;3.0
vienot;3.0
yillcdicu;1.0
wiltzer;3.0
pmnot;1.0
pierreeiennc;1.0
frossard;3.0
llennessy;1.0
omfle;1.0
volant;1.0
cliambie;1.0
bacquct;1.0
biétrix;2.0
honnevay;1.0
biel;1.0
briue;1.0
nu;1.0
cadic;2.0
chambonne;1.0
claude;1.0
lermont-tonnerr;1.0
crcyssel;1.0
palier;1.0
josenh;1.0
hautes-pvrénées;1.0
chanel;1.0
desgrange;1.0
côtes-du-nord;1.0
duhosc;1.0
ajphonse;1.0
elmige;1.0
enjalb-ert;1.0
ffoukl;1.0
fouocülût;1.0
gamemin;1.0
igaîimand;1.0
arius;1.0
gapiaud;1.0
gaurana;1.0
tfrandmaison;1.0
guernier;2.0
harcourt;2.0
ileid;1.0
henriot;2.0
inizau;1.0
lâchai;1.0
myre-;1.0
morv;1.0
laniei;1.0
levesque;2.0
marcseaux;1.0
ilaulcsavoie;1.0
mas;1.0
teau;1.0
meclc;1.0
montlgny;1.0
faction;1.0
ader;1.0
dberkirch;1.0
parm;1.0
péclierot;1.0
jeissel;1.0
ehé;1.0
ilerreau-pra;1.0
leter;1.0
etsche;1.0
leugeot;1.0
lezet;1.0
iétri;1.0
inault;1.0
inay;1.0
inelli;1.0
itois;1.0
lichon;1.0
oitou-duplessv;1.0
olignac;1.0
olimann;1.0
onsard;1.0
eorges;1.0
rovost;1.0
fardinièrc;1.0
uen;1.0
cille-soult;1.0
eynaud;1.0
ichard;1.0
iou;1.0
obbe;1.0
occa-serra;1.0
ochereau;1.0
ollin;1.0
oulleaux;1.0
dugage;1.0
lint-just;1.0
ûnt-pern;1.0
illès;1.0
mdubray;1.0
mrin;1.0
human;1.0
lafer;1.0
îltz;1.0
rot;1.0
slürmel;2.0
taittingr;1.0
linguy;1.0
trêmintin;1.0
wiedemann-gdran;1.0
ybarncgaray;1.0
arbeltier;2.0
audegllil;1.0
rarthe;1.0
beaugranà;1.0
béchara;1.0
bêche;1.0
bonté;2.0
bossoutrot;2.0
toulay;1.0
neet-loire;1.0
firachard;1.0
srandon;1.0
îrout;1.0
irunet;1.0
cné;1.0
drûme;1.0
îuissét;1.0
urtin;1.0
abanis;1.0
jalannes;1.0
adot;2.0
amel;1.0
îampargue;1.0
lampinchi;1.0
amus;1.0
apron;1.0
larron;1.0
ïastagnez;1.0
iatalan;1.0
atela;1.0
hasseigne;1.0
hate;1.0
ihaussy;1.0
ihouffet;1.0
ogniot;1.0
olin;1.0
ollomp;1.0
ompayré;1.0
ornavin;1.0
ossonneau;1.0
ostes;1.0
ristafol;1.0
roizat;1.0
rutel;1.0
ahlet;1.0
aroux;1.0
daiil;1.0
ronno;1.0
brégéas;1.0
delattrc;1.0
leuis;1.0
seineet-oise;2.0
tilleul;1.0
efrus;1.0
foucham;1.0
gûsldoerfer;1.0
élis;1.0
auber;1.0
iros;1.0
jrumbaolî;1.0
guasta;1.0
rret;1.0
juichard;1.0
iinedëe;1.0
ianet;1.0
ioualde;1.0
ionel;1.0
iuebcf;1.0
fussel;1.0
iymans;1.0
sore;1.0
zard;1.0
ean;1.0
orias;1.0
ordery;1.0
afaye;1.0
agrosillière;1.0
ambin;1.0
angumier;1.0
apie;1.0
areppe;1.0
arguier;1.0
aurens;1.0
enule;1.0
laugustin;1.0
avilie;1.0
corre;2.0
maffrav;1.0
flenri;1.0
mauguièrc;2.0
mellenne;2.0
musmeaus;1.0
naphjc;1.0
alhert;1.0
perfetti;2.0
maine-et;1.0
-loue;1.0
ringollict;1.0
samme;1.0
rametle;1.0
égis;1.0
renaitour;2.0
rélhoré;1.0
deuïsèvres;1.0
ritta;1.0
iléon;1.0
rochet;2.0
hautemairne;1.0
romaslln;1.0
pyré;2.0
nees-onentates;1.0
saôjahj;1.0
et-loire;3.0
tin;1.0
tellier;2.0
thié;1.0
faine;1.0
nordl;1.0
rsa;1.0
touchard;2.0
vaiilandet;1.0
vaillant-;1.0
coutuiier;1.0
vardeile;1.0
bouches-du-rhôm;1.0
aladier;1.0
yvonl;1.0
doidogne;1.0
escartefigue;2.0
liautey;2.0
misller;2.0
isêre;1.0
tossan;1.0
ale;1.0
tte-;1.0
viauard;1.0
ftanriin;1.0
ffienesienne;1.0
noiabreis;1.0
annoncés;1.0
norabie;1.0
vêtants;1.0
peur;1.0
cce;1.0
ci-dessus;1.0
llon;1.0
-ll;1.0
riotliè;1.0
cnconscripiion;1.0
wom;1.0
contr;1.0
rnol;1.0
lid;1.0
chard;1.0
berthèzenne;1.0
qlouffet;1.0
cessonneau;1.0
cfoizat;1.0
crutel;1.0
llaute-garonne;1.0
doreur;1.0
dubose;1.0
duelos;1.0
emue;1.0
dutill-eul;1.0
esparlès;1.0
pctrus;1.0
for-cinai;1.0
amédée;1.0
busse;1.0
ilymans;1.0
langumiër;1.0
bonx;1.0
ilevedcr;1.0
loubradout;1.0
lucçhini;1.0
moque;1.0
napile;1.0
pageat;1.0
rayrnondl;1.0
bérin;1.0
pringollict;1.0
rame;1.0
hauzv;1.0
ravahat;1.0
régis;1.0
iliff;1.0
aterre;1.0
lloche;1.0
tjoseph;1.0
nées-orientales;1.0
saône;1.0
sibué;1.0
silveslre;1.0
saônect-loire;1.0
fclnand;1.0
charlesl;1.0
vard-ell-e;1.0
vâzeiues;1.0
vihedieu;1.0
py-trénées-orientales;1.0
hautes-pyré-;1.0
liées;1.0
dcsgranges;1.0
bignae;1.0
domma-nge;1.0
ustave;1.0
côte;1.0
duchesne-fourn-et;1.0
ail;1.0
manus;1.0
oussu;1.0
iiatter;1.0
marc;1.0
handeau;1.0
hautesavoie;1.0
françois-marlin;1.0
münfort;1.0
montai;1.0
monstier;1.0
nac;1.0
farmentier;1.0
pébellicr;1.0
pelle;1.0
pinclli;1.0
iteille-soult;1.0
reynaud;1.0
hhûnc;1.0
rohbe;1.0
rotinat;1.0
dugngc;1.0
hoy;1.0
scia;1.0
suznnnet;1.0
taitlingcr;1.0
fjlan;1.0
icr;1.0
thihon;1.0
tixier-vlgnancour;1.0
vallcuc-yiallard;1.0
yaur;1.0
watlach;1.0
avalter;1.0
wiedcmann-goiran;1.0
barnésarav;1.0
maine-ctloire;1.0
brunei;1.0
dclabie;1.0
duponf;1.0
fullv;1.0
guiehard;1.0
hauet;1.0
hueber;1.0
itamadier;1.0
ratetade;1.0
héthoré;1.0
hivièrc;1.0
hucart;1.0
salcngro;1.0
spinassc;1.0
bel;1.0
ilennessy;1.0
séanceor;1.0
rare;1.0
ticle;1.0
instituant;1.0
stisset;1.0
porlts;1.0
